partrhoneC
%
partrhoneC_1.tspar1.nc N
PH
1
2003/01/02;12:00:00,000 2003/01/05;00:00:00,000 1 3 
9
1 1 108 50 1 1.0
1
1
0
1 1 108 50 1 1.0
1
2
0
1 1 108 50 1 1.0
1
3
0
1 1 108 50 1 1.0
1
4
0
1 1 108 50 1 1.0
1
5
0
1 1 108 50 1 1.0
1
6
0
1 1 108 50 1 1.0
1
7
0
1 1 108 50 1 1.0
1
8
0
1 1 108 50 1 1.0
1
9
0
##
N
partrhoneC_1.tsout3.nc N
HT
1
2003/01/02;12:00:00,000 2003/01/05;00:00:00,000 1 F 
4
F
1 1 108 50 1 1.0
1 0 0
1 1
T 11 3
0.0 100.0
4 30 0.0
F
1 1 108 50 1 1.0
2 0 0
1 1
T 11 3
0.0 100.0
4 30 0.0
F
1 1 108 50 1 1.0
3 0 0
1 1
T 11 3
0.0 100.0
4 30 0.0
F
1 1 108 50 1 1.0
4 0 0
1 1
T 11 3
0.0 100.0
4 30 0.0
Q
