nieuwpoort          178  77  2.750000 51.166668  11.25
oostende            180  79  2.916667 51.250000  13.75
zeebrugge           183  81  3.166667 51.333332   9.25
cadzand             186  83  3.416667 51.416668   7.75
vlissingen          188  83  3.583334 51.416668   6.00
noordwijk-meetpost  197 104  4.333334 52.291668  12.75
helgoland           240 149  7.916668 54.166668  30.50
cuxhaven            250 142  8.750000 53.875000  10.00
dover               161  76  1.333334 51.125000   7.75
whitby              138 157 -0.583333 54.500000  24.75
aberdeen            121 221 -2.000000 57.166668  27.00
central-NS          187 223  3.500000 57.250000  61.50
channel             151  55  0.500000 50.250000  44.00
irish-sea            84 155 -5.083333 54.416668  86.25
shelf-south          34  33 -9.250000 49.333332 141.00
shelf-west           63 220 -6.833333 57.125000 136.00
shelf-north         161 329  1.333334 61.666668 189.75
