nohnstu nohnstv
  36 127
Array: hnstutou%icoord
  97  97  97  97  97  97  97  97  97  97  97  97  97  97  97  97  97  97  97  97  97  97  97  97  97  97  97  97  97  97  97  97  97  97  97  97
Array: hnstutou%jcoord
  20  21  22  23  24  25  26  27  28  29  30  31  32  33  34  35  36  37  38  39  40  41  42  43  44  45  46  47  48  49  50  51  52  53  54  55
Array: hnstutou%weights
  1.0000000E+00  0.0000000E+00  0.0000000E+00  0.0000000E+00  1.0000000E+00  0.0000000E+00  0.0000000E+00  0.0000000E+00  1.0000000E+00  0.0000000E+00  0.0000000E+00  0.0000000E+00  1.0000000E+00  0.0000000E+00  0.0000000E+00  0.0000000E+00  1.0000000E+00  0.0000000E+00  0.0000000E+00  0.0000000E+00  1.0000000E+00  0.0000000E+00  0.0000000E+00  0.0000000E+00  1.0000000E+00  0.0000000E+00  0.0000000E+00  0.0000000E+00  1.0000000E+00  0.0000000E+00  0.0000000E+00  0.0000000E+00  1.0000000E+00  0.0000000E+00  0.0000000E+00  0.0000000E+00  1.0000000E+00  0.0000000E+00  0.0000000E+00  0.0000000E+00  1.0000000E+00  0.0000000E+00  0.0000000E+00  0.0000000E+00  1.0000000E+00  0.0000000E+00  0.0000000E+00  0.0000000E+00  1.0000000E+00  0.0000000E+00  0.0000000E+00  0.0000000E+00  1.0000000E+00  0.0000000E+00  0.0000000E+00  0.0000000E+00  1.0000000E+00  0.0000000E+00  0.0000000E+00  0.0000000E+00  1.0000000E+00  0.0000000E+00  0.0000000E+00  0.0000000E+00  1.0000000E+00  0.0000000E+00  0.0000000E+00  0.0000000E+00  1.0000000E+00  0.0000000E+00  0.0000000E+00  0.0000000E+00  1.0000000E+00  0.0000000E+00  0.0000000E+00  0.0000000E+00  1.0000000E+00  0.0000000E+00  0.0000000E+00  0.0000000E+00  1.0000000E+00  0.0000000E+00  0.0000000E+00  0.0000000E+00  1.0000000E+00  0.0000000E+00  0.0000000E+00  0.0000000E+00  1.0000000E+00  0.0000000E+00  0.0000000E+00  0.0000000E+00  1.0000000E+00  0.0000000E+00  0.0000000E+00  0.0000000E+00  1.0000000E+00  0.0000000E+00  0.0000000E+00  0.0000000E+00  1.0000000E+00  0.0000000E+00  0.0000000E+00  0.0000000E+00  1.0000000E+00  0.0000000E+00  0.0000000E+00  0.0000000E+00  1.0000000E+00  0.0000000E+00  0.0000000E+00  0.0000000E+00  1.0000000E+00  0.0000000E+00  0.0000000E+00  0.0000000E+00  1.0000000E+00  0.0000000E+00  0.0000000E+00  0.0000000E+00  1.0000000E+00  0.0000000E+00  0.0000000E+00  0.0000000E+00  1.0000000E+00  0.0000000E+00  0.0000000E+00  0.0000000E+00  1.0000000E+00  0.0000000E+00  0.0000000E+00  0.0000000E+00  1.0000000E+00  0.0000000E+00  0.0000000E+00  0.0000000E+00  1.0000000E+00  0.0000000E+00  0.0000000E+00  0.0000000E+00  1.0000000E+00  0.0000000E+00  0.0000000E+00  0.0000000E+00
Array: hnstctou%icoord
  96  96  96  96  96  96  96  96  96  96  96  96  96  96  96  96  96  96  96  96  96  96  96  96  96  96  96  96  96  96  96  96  96  96  96  96
Array: hnstctou%jcoord
  20  21  22  23  24  25  26  27  28  29  30  31  32  33  34  35  36  37  38  39  40  41  42  43  44  45  46  47  48  49  50  51  52  53  54  55
Array: hnstctou%weights
  5.0000000E-01  5.0000000E-01  0.0000000E+00  0.0000000E+00  5.0000000E-01  5.0000000E-01  0.0000000E+00  0.0000000E+00  5.0000000E-01  5.0000000E-01  0.0000000E+00  0.0000000E+00  5.0000000E-01  5.0000000E-01  0.0000000E+00  0.0000000E+00  5.0000000E-01  5.0000000E-01  0.0000000E+00  0.0000000E+00  5.0000000E-01  5.0000000E-01  0.0000000E+00  0.0000000E+00  5.0000000E-01  5.0000000E-01  0.0000000E+00  0.0000000E+00  5.0000000E-01  5.0000000E-01  0.0000000E+00  0.0000000E+00  5.0000000E-01  5.0000000E-01  0.0000000E+00  0.0000000E+00  5.0000000E-01  5.0000000E-01  0.0000000E+00  0.0000000E+00  5.0000000E-01  5.0000000E-01  0.0000000E+00  0.0000000E+00  5.0000000E-01  5.0000000E-01  0.0000000E+00  0.0000000E+00  5.0000000E-01  5.0000000E-01  0.0000000E+00  0.0000000E+00  5.0000000E-01  5.0000000E-01  0.0000000E+00  0.0000000E+00  5.0000000E-01  5.0000000E-01  0.0000000E+00  0.0000000E+00  5.0000000E-01  5.0000000E-01  0.0000000E+00  0.0000000E+00  5.0000000E-01  5.0000000E-01  0.0000000E+00  0.0000000E+00  5.0000000E-01  5.0000000E-01  0.0000000E+00  0.0000000E+00  5.0000000E-01  5.0000000E-01  0.0000000E+00  0.0000000E+00  5.0000000E-01  5.0000000E-01  0.0000000E+00  0.0000000E+00  5.0000000E-01  5.0000000E-01  0.0000000E+00  0.0000000E+00  5.0000000E-01  5.0000000E-01  0.0000000E+00  0.0000000E+00  5.0000000E-01  5.0000000E-01  0.0000000E+00  0.0000000E+00  5.0000000E-01  5.0000000E-01  0.0000000E+00  0.0000000E+00  5.0000000E-01  5.0000000E-01  0.0000000E+00  0.0000000E+00  5.0000000E-01  5.0000000E-01  0.0000000E+00  0.0000000E+00  5.0000000E-01  5.0000000E-01  0.0000000E+00  0.0000000E+00  5.0000000E-01  5.0000000E-01  0.0000000E+00  0.0000000E+00  5.0000000E-01  5.0000000E-01  0.0000000E+00  0.0000000E+00  5.0000000E-01  5.0000000E-01  0.0000000E+00  0.0000000E+00  5.0000000E-01  5.0000000E-01  0.0000000E+00  0.0000000E+00  5.0000000E-01  5.0000000E-01  0.0000000E+00  0.0000000E+00  5.0000000E-01  5.0000000E-01  0.0000000E+00  0.0000000E+00  5.0000000E-01  5.0000000E-01  0.0000000E+00  0.0000000E+00  5.0000000E-01  5.0000000E-01  0.0000000E+00  0.0000000E+00  5.0000000E-01  5.0000000E-01  0.0000000E+00  0.0000000E+00
Array: hnstvtov%icoord
 120 121 122 123 124 125 126 127 128 129 130 131 132 133 134 135 136 137 138 139 140 141 142 143 144 145 146 147 148 149 150 151 152 153 154 155 156 157 158 159 160 161 162 163 164 165 166 167 168 169 170 171 172 173 174 175 176 177 178 179 180 181 182 183 184 185 186 187 188 189 190 191 192 193 194 195 196 197 198 199 200 201 202 203 204 205 206 207 208 209 210 211 212 213 214 215 216 217 218 219 220 221 222 223 224 225 226 227 228 229 230 231 232 233 234 235 236 237 238 239 240 241 242 243 244 245 246
Array: hnstvtov%jcoord
 218 218 218 218 218 218 218 218 218 218 218 218 218 218 218 218 218 218 218 218 218 218 218 218 218 218 218 218 218 218 218 218 218 218 218 218 218 218 218 218 218 218 218 218 218 218 218 218 218 218 218 218 218 218 218 218 218 218 218 218 218 218 218 218 218 218 218 218 218 218 218 218 218 218 218 218 218 218 218 218 218 218 218 218 218 218 218 218 218 218 218 218 218 218 218 218 218 218 218 218 218 218 218 218 218 218 218 218 218 218 218 218 218 218 218 218 218 218 218 218 218 218 218 218 218 218 218
Array: hnstvtov%weights
  1.0000000E+00  0.0000000E+00  0.0000000E+00  0.0000000E+00  1.0000000E+00  0.0000000E+00  0.0000000E+00  0.0000000E+00  1.0000000E+00  0.0000000E+00  0.0000000E+00  0.0000000E+00  1.0000000E+00  0.0000000E+00  0.0000000E+00  0.0000000E+00  1.0000000E+00  0.0000000E+00  0.0000000E+00  0.0000000E+00  1.0000000E+00  0.0000000E+00  0.0000000E+00  0.0000000E+00  1.0000000E+00  0.0000000E+00  0.0000000E+00  0.0000000E+00  1.0000000E+00  0.0000000E+00  0.0000000E+00  0.0000000E+00  1.0000000E+00  0.0000000E+00  0.0000000E+00  0.0000000E+00  1.0000000E+00  0.0000000E+00  0.0000000E+00  0.0000000E+00  1.0000000E+00  0.0000000E+00  0.0000000E+00  0.0000000E+00  1.0000000E+00  0.0000000E+00  0.0000000E+00  0.0000000E+00  1.0000000E+00  0.0000000E+00  0.0000000E+00  0.0000000E+00  1.0000000E+00  0.0000000E+00  0.0000000E+00  0.0000000E+00  1.0000000E+00  0.0000000E+00  0.0000000E+00  0.0000000E+00  1.0000000E+00  0.0000000E+00  0.0000000E+00  0.0000000E+00  1.0000000E+00  0.0000000E+00  0.0000000E+00  0.0000000E+00  1.0000000E+00  0.0000000E+00  0.0000000E+00  0.0000000E+00  1.0000000E+00  0.0000000E+00  0.0000000E+00  0.0000000E+00  1.0000000E+00  0.0000000E+00  0.0000000E+00  0.0000000E+00  1.0000000E+00  0.0000000E+00  0.0000000E+00  0.0000000E+00  1.0000000E+00  0.0000000E+00  0.0000000E+00  0.0000000E+00  1.0000000E+00  0.0000000E+00  0.0000000E+00  0.0000000E+00  1.0000000E+00  0.0000000E+00  0.0000000E+00  0.0000000E+00  1.0000000E+00  0.0000000E+00  0.0000000E+00  0.0000000E+00  1.0000000E+00  0.0000000E+00  0.0000000E+00  0.0000000E+00  1.0000000E+00  0.0000000E+00  0.0000000E+00  0.0000000E+00  1.0000000E+00  0.0000000E+00  0.0000000E+00  0.0000000E+00  1.0000000E+00  0.0000000E+00  0.0000000E+00  0.0000000E+00  1.0000000E+00  0.0000000E+00  0.0000000E+00  0.0000000E+00  1.0000000E+00  0.0000000E+00  0.0000000E+00  0.0000000E+00  1.0000000E+00  0.0000000E+00  0.0000000E+00  0.0000000E+00  1.0000000E+00  0.0000000E+00  0.0000000E+00  0.0000000E+00  1.0000000E+00  0.0000000E+00  0.0000000E+00  0.0000000E+00  1.0000000E+00  0.0000000E+00  0.0000000E+00  0.0000000E+00  1.0000000E+00  0.0000000E+00  0.0000000E+00  0.0000000E+00  1.0000000E+00  0.0000000E+00  0.0000000E+00  0.0000000E+00  1.0000000E+00  0.0000000E+00  0.0000000E+00  0.0000000E+00  1.0000000E+00  0.0000000E+00  0.0000000E+00  0.0000000E+00  1.0000000E+00  0.0000000E+00  0.0000000E+00  0.0000000E+00  1.0000000E+00  0.0000000E+00  0.0000000E+00  0.0000000E+00  1.0000000E+00  0.0000000E+00  0.0000000E+00  0.0000000E+00  1.0000000E+00  0.0000000E+00  0.0000000E+00  0.0000000E+00  1.0000000E+00  0.0000000E+00  0.0000000E+00  0.0000000E+00  1.0000000E+00  0.0000000E+00  0.0000000E+00  0.0000000E+00  1.0000000E+00  0.0000000E+00  0.0000000E+00  0.0000000E+00  1.0000000E+00  0.0000000E+00  0.0000000E+00  0.0000000E+00  1.0000000E+00  0.0000000E+00  0.0000000E+00  0.0000000E+00  1.0000000E+00  0.0000000E+00  0.0000000E+00  0.0000000E+00  1.0000000E+00  0.0000000E+00  0.0000000E+00  0.0000000E+00  1.0000000E+00  0.0000000E+00  0.0000000E+00  0.0000000E+00  1.0000000E+00  0.0000000E+00  0.0000000E+00  0.0000000E+00  1.0000000E+00  0.0000000E+00  0.0000000E+00  0.0000000E+00  1.0000000E+00  0.0000000E+00  0.0000000E+00  0.0000000E+00  1.0000000E+00  0.0000000E+00  0.0000000E+00  0.0000000E+00  1.0000000E+00  0.0000000E+00  0.0000000E+00  0.0000000E+00  1.0000000E+00  0.0000000E+00  0.0000000E+00  0.0000000E+00  1.0000000E+00  0.0000000E+00  0.0000000E+00  0.0000000E+00  1.0000000E+00  0.0000000E+00  0.0000000E+00  0.0000000E+00  1.0000000E+00  0.0000000E+00  0.0000000E+00  0.0000000E+00  1.0000000E+00  0.0000000E+00  0.0000000E+00  0.0000000E+00  1.0000000E+00  0.0000000E+00  0.0000000E+00  0.0000000E+00  1.0000000E+00  0.0000000E+00  0.0000000E+00  0.0000000E+00  1.0000000E+00  0.0000000E+00  0.0000000E+00  0.0000000E+00  1.0000000E+00  0.0000000E+00  0.0000000E+00  0.0000000E+00  1.0000000E+00  0.0000000E+00  0.0000000E+00  0.0000000E+00  1.0000000E+00  0.0000000E+00  0.0000000E+00  0.0000000E+00  1.0000000E+00  0.0000000E+00  0.0000000E+00  0.0000000E+00  1.0000000E+00  0.0000000E+00  0.0000000E+00  0.0000000E+00  1.0000000E+00  0.0000000E+00  0.0000000E+00  0.0000000E+00  1.0000000E+00  0.0000000E+00  0.0000000E+00  0.0000000E+00  1.0000000E+00  0.0000000E+00  0.0000000E+00  0.0000000E+00  1.0000000E+00  0.0000000E+00  0.0000000E+00  0.0000000E+00  1.0000000E+00  0.0000000E+00  0.0000000E+00  0.0000000E+00  1.0000000E+00  0.0000000E+00  0.0000000E+00  0.0000000E+00  1.0000000E+00  0.0000000E+00  0.0000000E+00  0.0000000E+00  1.0000000E+00  0.0000000E+00  0.0000000E+00  0.0000000E+00  1.0000000E+00  0.0000000E+00  0.0000000E+00  0.0000000E+00  1.0000000E+00  0.0000000E+00  0.0000000E+00  0.0000000E+00  1.0000000E+00  0.0000000E+00  0.0000000E+00  0.0000000E+00  1.0000000E+00  0.0000000E+00  0.0000000E+00  0.0000000E+00  1.0000000E+00  0.0000000E+00  0.0000000E+00  0.0000000E+00  1.0000000E+00  0.0000000E+00  0.0000000E+00  0.0000000E+00  1.0000000E+00  0.0000000E+00  0.0000000E+00  0.0000000E+00  1.0000000E+00  0.0000000E+00  0.0000000E+00  0.0000000E+00  1.0000000E+00  0.0000000E+00  0.0000000E+00  0.0000000E+00  1.0000000E+00  0.0000000E+00  0.0000000E+00  0.0000000E+00  1.0000000E+00  0.0000000E+00  0.0000000E+00  0.0000000E+00  1.0000000E+00  0.0000000E+00  0.0000000E+00  0.0000000E+00  1.0000000E+00  0.0000000E+00  0.0000000E+00  0.0000000E+00  1.0000000E+00  0.0000000E+00  0.0000000E+00  0.0000000E+00  1.0000000E+00  0.0000000E+00  0.0000000E+00  0.0000000E+00  1.0000000E+00  0.0000000E+00  0.0000000E+00  0.0000000E+00  1.0000000E+00  0.0000000E+00  0.0000000E+00  0.0000000E+00  1.0000000E+00  0.0000000E+00  0.0000000E+00  0.0000000E+00  1.0000000E+00  0.0000000E+00  0.0000000E+00  0.0000000E+00  1.0000000E+00  0.0000000E+00  0.0000000E+00  0.0000000E+00  1.0000000E+00  0.0000000E+00  0.0000000E+00  0.0000000E+00  1.0000000E+00  0.0000000E+00  0.0000000E+00  0.0000000E+00  1.0000000E+00  0.0000000E+00  0.0000000E+00  0.0000000E+00  1.0000000E+00  0.0000000E+00  0.0000000E+00  0.0000000E+00  1.0000000E+00  0.0000000E+00  0.0000000E+00  0.0000000E+00  1.0000000E+00  0.0000000E+00  0.0000000E+00  0.0000000E+00  1.0000000E+00  0.0000000E+00  0.0000000E+00  0.0000000E+00  1.0000000E+00  0.0000000E+00  0.0000000E+00  0.0000000E+00  1.0000000E+00  0.0000000E+00  0.0000000E+00  0.0000000E+00  1.0000000E+00  0.0000000E+00  0.0000000E+00  0.0000000E+00  1.0000000E+00  0.0000000E+00  0.0000000E+00  0.0000000E+00  1.0000000E+00  0.0000000E+00  0.0000000E+00  0.0000000E+00  1.0000000E+00  0.0000000E+00  0.0000000E+00  0.0000000E+00  1.0000000E+00  0.0000000E+00  0.0000000E+00  0.0000000E+00  1.0000000E+00  0.0000000E+00  0.0000000E+00  0.0000000E+00  1.0000000E+00  0.0000000E+00  0.0000000E+00  0.0000000E+00  1.0000000E+00  0.0000000E+00  0.0000000E+00  0.0000000E+00  1.0000000E+00  0.0000000E+00  0.0000000E+00  0.0000000E+00  1.0000000E+00  0.0000000E+00  0.0000000E+00  0.0000000E+00  1.0000000E+00  0.0000000E+00  0.0000000E+00  0.0000000E+00  1.0000000E+00  0.0000000E+00  0.0000000E+00  0.0000000E+00  1.0000000E+00  0.0000000E+00  0.0000000E+00  0.0000000E+00  1.0000000E+00  0.0000000E+00  0.0000000E+00  0.0000000E+00  1.0000000E+00  0.0000000E+00  0.0000000E+00  0.0000000E+00  1.0000000E+00  0.0000000E+00  0.0000000E+00  0.0000000E+00  1.0000000E+00  0.0000000E+00  0.0000000E+00  0.0000000E+00  1.0000000E+00  0.0000000E+00  0.0000000E+00  0.0000000E+00  1.0000000E+00  0.0000000E+00  0.0000000E+00  0.0000000E+00
  1.0000000E+00  0.0000000E+00  0.0000000E+00  0.0000000E+00  1.0000000E+00  0.0000000E+00  0.0000000E+00  0.0000000E+00
Array: hnstctov%icoord
 120 121 122 123 124 125 126 127 128 129 130 131 132 133 134 135 136 137 138 139 140 141 142 143 144 145 146 147 148 149 150 151 152 153 154 155 156 157 158 159 160 161 162 163 164 165 166 167 168 169 170 171 172 173 174 175 176 177 178 179 180 181 182 183 184 185 186 187 188 189 190 191 192 193 194 195 196 197 198 199 200 201 202 203 204 205 206 207 208 209 210 211 212 213 214 215 216 217 218 219 220 221 222 223 224 225 226 227 228 229 230 231 232 233 234 235 236 237 238 239 240 241 242 243 244 245 246
Array: hnstctov%jcoord
 217 217 217 217 217 217 217 217 217 217 217 217 217 217 217 217 217 217 217 217 217 217 217 217 217 217 217 217 217 217 217 217 217 217 217 217 217 217 217 217 217 217 217 217 217 217 217 217 217 217 217 217 217 217 217 217 217 217 217 217 217 217 217 217 217 217 217 217 217 217 217 217 217 217 217 217 217 217 217 217 217 217 217 217 217 217 217 217 217 217 217 217 217 217 217 217 217 217 217 217 217 217 217 217 217 217 217 217 217 217 217 217 217 217 217 217 217 217 217 217 217 217 217 217 217 217 217
Array: hnstctov%weights
  5.0000000E-01  0.0000000E+00  5.0000000E-01  0.0000000E+00  5.0000000E-01  0.0000000E+00  5.0000000E-01  0.0000000E+00  5.0000000E-01  0.0000000E+00  5.0000000E-01  0.0000000E+00  5.0000000E-01  0.0000000E+00  5.0000000E-01  0.0000000E+00  5.0000000E-01  0.0000000E+00  5.0000000E-01  0.0000000E+00  5.0000000E-01  0.0000000E+00  5.0000000E-01  0.0000000E+00  5.0000000E-01  0.0000000E+00  5.0000000E-01  0.0000000E+00  5.0000000E-01  0.0000000E+00  5.0000000E-01  0.0000000E+00  5.0000000E-01  0.0000000E+00  5.0000000E-01  0.0000000E+00  5.0000000E-01  0.0000000E+00  5.0000000E-01  0.0000000E+00  5.0000000E-01  0.0000000E+00  5.0000000E-01  0.0000000E+00  5.0000000E-01  0.0000000E+00  5.0000000E-01  0.0000000E+00  5.0000000E-01  0.0000000E+00  5.0000000E-01  0.0000000E+00  5.0000000E-01  0.0000000E+00  5.0000000E-01  0.0000000E+00  5.0000000E-01  0.0000000E+00  5.0000000E-01  0.0000000E+00  5.0000000E-01  0.0000000E+00  5.0000000E-01  0.0000000E+00  5.0000000E-01  0.0000000E+00  5.0000000E-01  0.0000000E+00  5.0000000E-01  0.0000000E+00  5.0000000E-01  0.0000000E+00  5.0000000E-01  0.0000000E+00  5.0000000E-01  0.0000000E+00  5.0000000E-01  0.0000000E+00  5.0000000E-01  0.0000000E+00  5.0000000E-01  0.0000000E+00  5.0000000E-01  0.0000000E+00  5.0000000E-01  0.0000000E+00  5.0000000E-01  0.0000000E+00  5.0000000E-01  0.0000000E+00  5.0000000E-01  0.0000000E+00  5.0000000E-01  0.0000000E+00  5.0000000E-01  0.0000000E+00  5.0000000E-01  0.0000000E+00  5.0000000E-01  0.0000000E+00  5.0000000E-01  0.0000000E+00  5.0000000E-01  0.0000000E+00  5.0000000E-01  0.0000000E+00  5.0000000E-01  0.0000000E+00  5.0000000E-01  0.0000000E+00  5.0000000E-01  0.0000000E+00  5.0000000E-01  0.0000000E+00  5.0000000E-01  0.0000000E+00  5.0000000E-01  0.0000000E+00  5.0000000E-01  0.0000000E+00  5.0000000E-01  0.0000000E+00  5.0000000E-01  0.0000000E+00  5.0000000E-01  0.0000000E+00  5.0000000E-01  0.0000000E+00  5.0000000E-01  0.0000000E+00  5.0000000E-01  0.0000000E+00  5.0000000E-01  0.0000000E+00  5.0000000E-01  0.0000000E+00  5.0000000E-01  0.0000000E+00  5.0000000E-01  0.0000000E+00  5.0000000E-01  0.0000000E+00  5.0000000E-01  0.0000000E+00  5.0000000E-01  0.0000000E+00  5.0000000E-01  0.0000000E+00  5.0000000E-01  0.0000000E+00  5.0000000E-01  0.0000000E+00  5.0000000E-01  0.0000000E+00  5.0000000E-01  0.0000000E+00  5.0000000E-01  0.0000000E+00  5.0000000E-01  0.0000000E+00  5.0000000E-01  0.0000000E+00  5.0000000E-01  0.0000000E+00  5.0000000E-01  0.0000000E+00  5.0000000E-01  0.0000000E+00  5.0000000E-01  0.0000000E+00  5.0000000E-01  0.0000000E+00  5.0000000E-01  0.0000000E+00  5.0000000E-01  0.0000000E+00  5.0000000E-01  0.0000000E+00  5.0000000E-01  0.0000000E+00  5.0000000E-01  0.0000000E+00  5.0000000E-01  0.0000000E+00  5.0000000E-01  0.0000000E+00  5.0000000E-01  0.0000000E+00  5.0000000E-01  0.0000000E+00  5.0000000E-01  0.0000000E+00  5.0000000E-01  0.0000000E+00  5.0000000E-01  0.0000000E+00  5.0000000E-01  0.0000000E+00  5.0000000E-01  0.0000000E+00  5.0000000E-01  0.0000000E+00  5.0000000E-01  0.0000000E+00  5.0000000E-01  0.0000000E+00  5.0000000E-01  0.0000000E+00  5.0000000E-01  0.0000000E+00  5.0000000E-01  0.0000000E+00  5.0000000E-01  0.0000000E+00  5.0000000E-01  0.0000000E+00  5.0000000E-01  0.0000000E+00  5.0000000E-01  0.0000000E+00  5.0000000E-01  0.0000000E+00  5.0000000E-01  0.0000000E+00  5.0000000E-01  0.0000000E+00  5.0000000E-01  0.0000000E+00  5.0000000E-01  0.0000000E+00  5.0000000E-01  0.0000000E+00  5.0000000E-01  0.0000000E+00  5.0000000E-01  0.0000000E+00  5.0000000E-01  0.0000000E+00  5.0000000E-01  0.0000000E+00  5.0000000E-01  0.0000000E+00  5.0000000E-01  0.0000000E+00  5.0000000E-01  0.0000000E+00  5.0000000E-01  0.0000000E+00  5.0000000E-01  0.0000000E+00  5.0000000E-01  0.0000000E+00  5.0000000E-01  0.0000000E+00  5.0000000E-01  0.0000000E+00  5.0000000E-01  0.0000000E+00  5.0000000E-01  0.0000000E+00  5.0000000E-01  0.0000000E+00  5.0000000E-01  0.0000000E+00  5.0000000E-01  0.0000000E+00  5.0000000E-01  0.0000000E+00  5.0000000E-01  0.0000000E+00  5.0000000E-01  0.0000000E+00  5.0000000E-01  0.0000000E+00  5.0000000E-01  0.0000000E+00  5.0000000E-01  0.0000000E+00  5.0000000E-01  0.0000000E+00  5.0000000E-01  0.0000000E+00  5.0000000E-01  0.0000000E+00  5.0000000E-01  0.0000000E+00  5.0000000E-01  0.0000000E+00  5.0000000E-01  0.0000000E+00  5.0000000E-01  0.0000000E+00  5.0000000E-01  0.0000000E+00  5.0000000E-01  0.0000000E+00  5.0000000E-01  0.0000000E+00  5.0000000E-01  0.0000000E+00  5.0000000E-01  0.0000000E+00  5.0000000E-01  0.0000000E+00  5.0000000E-01  0.0000000E+00  5.0000000E-01  0.0000000E+00  5.0000000E-01  0.0000000E+00  5.0000000E-01  0.0000000E+00  5.0000000E-01  0.0000000E+00  5.0000000E-01  0.0000000E+00  5.0000000E-01  0.0000000E+00  5.0000000E-01  0.0000000E+00  5.0000000E-01  0.0000000E+00  5.0000000E-01  0.0000000E+00  5.0000000E-01  0.0000000E+00  5.0000000E-01  0.0000000E+00  5.0000000E-01  0.0000000E+00  5.0000000E-01  0.0000000E+00  5.0000000E-01  0.0000000E+00  5.0000000E-01  0.0000000E+00  5.0000000E-01  0.0000000E+00  5.0000000E-01  0.0000000E+00  5.0000000E-01  0.0000000E+00  5.0000000E-01  0.0000000E+00  5.0000000E-01  0.0000000E+00  5.0000000E-01  0.0000000E+00  5.0000000E-01  0.0000000E+00  5.0000000E-01  0.0000000E+00  5.0000000E-01  0.0000000E+00  5.0000000E-01  0.0000000E+00  5.0000000E-01  0.0000000E+00  5.0000000E-01  0.0000000E+00  5.0000000E-01  0.0000000E+00  5.0000000E-01  0.0000000E+00  5.0000000E-01  0.0000000E+00  5.0000000E-01  0.0000000E+00  5.0000000E-01  0.0000000E+00  5.0000000E-01  0.0000000E+00  5.0000000E-01  0.0000000E+00  5.0000000E-01  0.0000000E+00  5.0000000E-01  0.0000000E+00  5.0000000E-01  0.0000000E+00  5.0000000E-01  0.0000000E+00  5.0000000E-01  0.0000000E+00  5.0000000E-01  0.0000000E+00  5.0000000E-01  0.0000000E+00  5.0000000E-01  0.0000000E+00  5.0000000E-01  0.0000000E+00  5.0000000E-01  0.0000000E+00  5.0000000E-01  0.0000000E+00  5.0000000E-01  0.0000000E+00  5.0000000E-01  0.0000000E+00  5.0000000E-01  0.0000000E+00  5.0000000E-01  0.0000000E+00  5.0000000E-01  0.0000000E+00  5.0000000E-01  0.0000000E+00  5.0000000E-01  0.0000000E+00  5.0000000E-01  0.0000000E+00  5.0000000E-01  0.0000000E+00  5.0000000E-01  0.0000000E+00  5.0000000E-01  0.0000000E+00  5.0000000E-01  0.0000000E+00  5.0000000E-01  0.0000000E+00  5.0000000E-01  0.0000000E+00  5.0000000E-01  0.0000000E+00  5.0000000E-01  0.0000000E+00  5.0000000E-01  0.0000000E+00  5.0000000E-01  0.0000000E+00  5.0000000E-01  0.0000000E+00  5.0000000E-01  0.0000000E+00  5.0000000E-01  0.0000000E+00  5.0000000E-01  0.0000000E+00  5.0000000E-01  0.0000000E+00  5.0000000E-01  0.0000000E+00  5.0000000E-01  0.0000000E+00  5.0000000E-01  0.0000000E+00  5.0000000E-01  0.0000000E+00  5.0000000E-01  0.0000000E+00  5.0000000E-01  0.0000000E+00  5.0000000E-01  0.0000000E+00  5.0000000E-01  0.0000000E+00  5.0000000E-01  0.0000000E+00  5.0000000E-01  0.0000000E+00  5.0000000E-01  0.0000000E+00  5.0000000E-01  0.0000000E+00  5.0000000E-01  0.0000000E+00  5.0000000E-01  0.0000000E+00  5.0000000E-01  0.0000000E+00  5.0000000E-01  0.0000000E+00  5.0000000E-01  0.0000000E+00  5.0000000E-01  0.0000000E+00  5.0000000E-01  0.0000000E+00  5.0000000E-01  0.0000000E+00  5.0000000E-01  0.0000000E+00  5.0000000E-01  0.0000000E+00  5.0000000E-01  0.0000000E+00  5.0000000E-01  0.0000000E+00  5.0000000E-01  0.0000000E+00  5.0000000E-01  0.0000000E+00  5.0000000E-01  0.0000000E+00  5.0000000E-01  0.0000000E+00  5.0000000E-01  0.0000000E+00
  5.0000000E-01  0.0000000E+00  5.0000000E-01  0.0000000E+00  5.0000000E-01  0.0000000E+00  5.0000000E-01  0.0000000E+00
