optnosA
DATA/nos_coasts
## residual current
optcsmA_1.resid2.nc N
HT
1
2006/04/17;00:00:00 2006/04/17;00:00:00 1 F
1
F
-4.0 48.5 9.0 57.0 2 1.0
0 1 2
8 8 0.05
N
## M2
optcsmA_1.1amplt2.nc N
HT
1
2006/04/17;00:00:00 2006/04/17;00:00:00 1 F
1
F
-4.0 48.5 9.0 57.0 2 1.0
3 0 0
1 1
T 21 3
0.0 4.0
N
optcsmA_1.1phase2.nc N
HT
1
2006/04/17;00:00:00 2006/04/17;00:00:00 1 F
1
F
-4.0 48.5 9.0 57.0 2 1.0
3 0 0
1 1
T 12 3
0.0 330.0
N
optcsmA_1.1ellip2.nc N
HT
1
2006/04/17;00:00:00 2006/04/17;00:00:00 1 F
4
F
-4.0 48.5 9.0 57.0 2 1.0
1 0 0
1 1
T 13 3
0.0 2.4
F
-4.0 48.5 9.0 57.0 2 1.0
2 0 0
1 1
T 11 3
-0.5 0.5
F
-4.0 48.5 9.0 57.0 2 1.0
3 0 0
1 1
T 12 3
0.0 165.0
F
-4.0 48.5 9.0 57.0 2 1.0
4 0 0
1 1
T 12 3
0.0 165.0
N
## S2
optcsmA_1.2amplt2.nc N
HT
1
2006/04/17;00:00:00 2006/04/17;00:00:00 1 F
1
F
-4.0 48.5 9.0 57.0 2 1.0
3 0 0
1 1
T 16 3
0.0 1.5
N
optcsmA_1.2phase2.nc N
HT
1
2006/04/17;00:00:00 2006/04/17;00:00:00 1 F
1
F
-4.0 48.5 9.0 57.0 2 1.0
3 0 0
1 1
T 12 3
0.0 330.0
N
optcsmA_1.2ellip2.nc N
HT
1
2006/04/17;00:00:00 2006/04/17;00:00:00 1 F
4
F
-4.0 48.5 9.0 57.0 2 1.0
1 0 0
1 1
T 11 3
0.0 1.0
F
-4.0 48.5 9.0 57.0 2 1.0
2 0 0
1 1
T 11 3
-0.5 0.5
F
-4.0 48.5 9.0 57.0 2 1.0
3 0 0
1 1
T 12 3
0.0 165.0
F
-4.0 48.5 9.0 57.0 2 1.0
4 0 0
1 1
T 12 3
0.0 165.0
N
## N2
optcsmA_1.3amplt2.nc N
HT
1
2006/04/17;00:00:00 2006/04/17;00:00:00 1 F
1
F
-4.0 48.5 9.0 57.0 2 1.0
3 0 0
1 1
T 17 3
0.0 0.8
N
optcsmA_1.3phase2.nc N
HT
1
2006/04/17;00:00:00 2006/04/17;00:00:00 1 F
1
F
-4.0 48.5 9.0 57.0 2 1.0
3 0 0
1 1
T 12 3
0.0 330.0
N
optcsmA_1.3ellip2.nc N
HT
1
2006/04/17;00:00:00 2006/04/17;00:00:00 1 F
4
F
-4.0 48.5 9.0 57.0 2 1.0
1 0 0
1 1
T 11 3
0.0 0.5
F
-4.0 48.5 9.0 57.0 2 1.0
2 0 0
1 1
T 11 3
-0.5 0.5
F
-4.0 48.5 9.0 57.0 2 1.0
3 0 0
1 1
T 12 3
0.0 165.0
F
-4.0 48.5 9.0 57.0 2 1.0
4 0 0
1 1
T 12 3
0.0 165.0
N
## K2
optcsmA_1.4amplt2.nc N
HT
1
2006/04/17;00:00:00 2006/04/17;00:00:00 1 F
1
F
-4.0 48.5 9.0 57.0 2 1.0
3 0 0
1 1
T 11 3
0.0 0.5
N
optcsmA_1.4phase2.nc N
HT
1
2006/04/17;00:00:00 2006/04/17;00:00:00 1 F
1
F
-4.0 48.5 9.0 57.0 2 1.0
3 0 0
1 1
T 12 3
0.0 330.0
N
optcsmA_1.4ellip2.nc N
HT
1
2006/04/17;00:00:00 2006/04/17;00:00:00 1 F
4
F
-4.0 48.5 9.0 57.0 2 1.0
1 0 0
1 1
T 11 3
0.0 0.5
F
-4.0 48.5 9.0 57.0 2 1.0
2 0 0
1 1
T 11 3
-0.5 0.5
F
-4.0 48.5 9.0 57.0 2 1.0
3 0 0
1 1
T 12 3
0.0 165.0
F
-4.0 48.5 9.0 57.0 2 1.0
4 0 0
1 1
T 12 3
0.0 165.0
N
## O1
optcsmA_1.5amplt2.nc N
HT
1
2006/04/17;00:00:00 2006/04/17;00:00:00 1 F
1
F
-4.0 48.5 9.0 57.0 2 1.0
3 0 0
1 1
T 18 3
0.0 0.17
N
optcsmA_1.5phase2.nc N
HT
1
2006/04/17;00:00:00 2006/04/17;00:00:00 1 F
1
F
-4.0 48.5 9.0 57.0 2 1.0
3 0 0
1 1
T 12 3
0.0 330.0
N
optcsmA_1.5ellip2.nc N
HT
1
2006/04/17;00:00:00 2006/04/17;00:00:00 1 F
4
F
-4.0 48.5 9.0 57.0 2 1.0
1 0 0
1 1
T 16 3
0.0 0.15
F
-4.0 48.5 9.0 57.0 2 1.0
2 0 0
1 1
T 11 3
-0.5 0.5
F
-4.0 48.5 9.0 57.0 2 1.0
3 0 0
1 1
T 12 3
0.0 165.0
F
-4.0 48.5 9.0 57.0 2 1.0
4 0 0
1 1
T 12 3
0.0 165.0
N
## K1
optcsmA_1.6amplt2.nc N
HT
1
2006/04/17;00:00:00 2006/04/17;00:00:00 1 F
1
F
-4.0 48.5 9.0 57.0 2 1.0
3 0 0
1 1
T 16 3
0.0 0.15
N
optcsmA_1.6phase2.nc N
HT
1
2006/04/17;00:00:00 2006/04/17;00:00:00 1 F
1
F
-4.0 48.5 9.0 57.0 2 1.0
3 0 0
1 1
T 12 3
0.0 330.0
N
optcsmA_1.6ellip2.nc N
HT
1
2006/04/17;00:00:00 2006/04/17;00:00:00 1 F
4
F
-4.0 48.5 9.0 57.0 2 1.0
1 0 0
1 1
T 16 3
0.0 0.15
F
-4.0 48.5 9.0 57.0 2 1.0
2 0 0
1 1
T 11 3
-0.5 0.5
F
-4.0 48.5 9.0 57.0 2 1.0
3 0 0
1 1
T 12 3
0.0 165.0
F
-4.0 48.5 9.0 57.0 2 1.0
4 0 0
1 1
T 12 2
0.0 165.0
N
## Q1
optcsmA_1.7amplt2.nc N
HT
1
2006/04/17;00:00:00 2006/04/17;00:00:00 1 F
1
F
-4.0 48.5 9.0 57.0 2 1.0
3 0 0
1 1
T 11 3
0.0 0.05
N
optcsmA_1.7phase2.nc N
HT
1
2006/04/17;00:00:00 2006/04/17;00:00:00 1 F
1
F
-4.0 48.5 9.0 57.0 2 1.0
3 0 0
1 1
T 12 3
0.0 330.0
N
optcsmA_1.7ellip2.nc N
HT
1
2006/04/17;00:00:00 2006/04/17;00:00:00 1 F
4
F
-4.0 48.5 9.0 57.0 2 1.0
1 0 0
1 1
T 11 3
0.0 0.05
F
-4.0 48.5 9.0 57.0 2 1.0
2 0 0
1 1
T 11 3
-0.5 0.5
F
-4.0 48.5 9.0 57.0 2 1.0
3 0 0
1 1
T 12 2
0.0 165.0
F
-4.0 48.5 9.0 57.0 2 1.0
4 0 0
1 1
T 12 3
0.0 165.0
## P1
optcsmA_1.8amplt2.nc N
HT
1
2006/04/17;00:00:00 2006/04/17;00:00:00 1 F
1
F
-4.0 48.5 9.0 57.0 2 1.0
3 0 0
1 1
T 11 3
0.0 0.05
N
optcsmA_1.8phase2.nc N
HT
1
2006/04/17;00:00:00 2006/04/17;00:00:00 1 F
1
F
-4.0 48.5 9.0 57.0 2 1.0
3 0 0
1 1
T 12 3
0.0 330.0
N
optcsmA_1.8ellip2.nc N
HT
1
2006/04/17;00:00:00 2006/04/17;00:00:00 1 F
4
F
-4.0 48.5 9.0 57.0 2 1.0
1 0 0
1 1
T 11 3
0.0 0.05
F
-4.0 48.5 9.0 57.0 2 1.0
2 0 0
1 1
T 11 3
-0.5 0.5
F
-4.0 48.5 9.0 57.0 2 1.0
3 0 0
1 1
T 12 3
0.0 165.0
F
-4.0 48.5 9.0 57.0 2 1.0
4 0 0
1 1
T 12 3
0.0 165.0
Q
