optbczA
DATA/bcz_coasts
## residual current
optcsmA_1.resid2.nc N
HT
1
2006/04/17;00:00:00 2006/04/17;00:00:00 1 F
1
F
2.0 51.0 4.3 52.0 2 1.0
0 1 2
1 1 0.05
N
## M2
optcsmA_1.1amplt2.nc N
HT
1
2006/04/17;00:00:00 2006/04/17;00:00:00 1 F
1
F
2.0 51.0 4.3 52.0 2 1.0
3 0 0
1 1
T 17 3
0.6 2.2
N
optcsmA_1.1phase2.nc N
HT
1
2006/04/17;00:00:00 2006/04/17;00:00:00 1 F
1
F
2.0 51.0 4.3 52.0 2 1.0
3 0 0
1 1
T 13 3
120.0 240.0
N
optcsmA_1.1ellip2.nc N
HT
1
2006/04/17;00:00:00 2006/04/17;00:00:00 1 F
4
F
2.0 51.0 4.3 52.0 2 1.0
1 0 0
1 1
T 17 3
0.8 2.4
F
2.0 51.0 4.3 52.0 2 1.0
2 0 0
1 1
T 9 3
-0.5 0.4
F
2.0 51.0 4.3 52.0 2 1.0
3 0 0
1 1
T 12 3
0.0 165.0
F
2.0 51.0 4.3 52.0 2 1.0
4 0 0
1 1
T 12 3
0.0 165.0
N
## S2
optcsmA_1.2amplt2.nc N
HT
1
2006/04/17;00:00:00 2006/04/17;00:00:00 1 F
1
F
2.0 51.0 4.3 52.0 2 1.0
3 0 0
1 1
T 13 3
0.1 0.7
N
optcsmA_1.2phase2.nc N
HT
1
2006/04/17;00:00:00 2006/04/17;00:00:00 1 F
1
F
2.0 51.0 4.3 52.0 2 1.0
3 0 0
1 1
T 11 3
0.0 100.0
N
optcsmA_1.2ellip2.nc N
HT
1
2006/04/17;00:00:00 2006/04/17;00:00:00 1 F
4
F
2.0 51.0 4.3 52.0 2 1.0
1 0 0
1 1
T 13 3
0.0 0.6
F
2.0 51.0 4.3 52.0 2 1.0
2 0 0
1 1
T 11 3
-0.5 0.5
F
2.0 51.0 4.3 52.0 2 1.0
3 0 0
1 1
T 12 3
0.0 165.0
F
2.0 51.0 4.3 52.0 2 1.0
4 0 0
1 1
T 12 3
0.0 165.0
N
## N2
optcsmA_1.3amplt2.nc N
HT
1
2006/04/17;00:00:00 2006/04/17;00:00:00 1 F
1
F
2.0 51.0 4.3 52.0 2 1.0
3 0 0
1 1
T 13 3
0.1 0.4
N
optcsmA_1.3phase2.nc N
HT
1
2006/04/17;00:00:00 2006/04/17;00:00:00 1 F
1
F
2.0 51.0 4.3 52.0 2 1.0
3 0 0
1 1
T 12 3
0.0 330.0
N
optcsmA_1.3ellip2.nc N
HT
1
2006/04/17;00:00:00 2006/04/17;00:00:00 1 F
4
F
2.0 51.0 4.3 52.0 2 1.0
1 0 0
1 1
T 13 3
0.1 0.4
F
2.0 51.0 4.3 52.0 2 1.0
2 0 0
1 1
T 9 3
-0.5 0.4
F
2.0 51.0 4.3 52.0 2 1.0
3 0 0
1 1
T 12 3
0.0 165.0
F
2.0 51.0 4.3 52.0 2 1.0
4 0 0
1 1
T 12 3
0.0 165.0
N
## K2
optcsmA_1.4amplt2.nc N
HT
1
2006/07/03;12:00:00,000 2006/07/03;12:00:00,000 1 F
1
F
2.0 51.0 4.3 52.0 2 1.0
3 0 0
1 1
T 9 3
0.1 0.26
N
optcsmA_1.4phase2.nc N
HT
1
2006/04/17;00:00:00 2006/04/17;00:00:00 1 F
1
F
2.0 51.0 4.3 52.0 2 1.0
3 0 0
1 1
T 10 3
180.0 270.0
N
optcsmA_1.4ellip2.nc N
HT
1
2006/04/17;00:00:00 2006/04/17;00:00:00 1 F
4
F
2.0 51.0 4.3 52.0 2 1.0
1 0 0
1 1
T 13 3
0.0 0.3
F
2.0 51.0 4.3 52.0 2 1.0
2 0 0
1 1
T 11 3
-0.5 0.5
F
2.0 51.0 4.3 52.0 2 1.0
3 0 0
1 1
T 12 3
0.0 165.0
F
2.0 51.0 4.3 52.0 2 1.0
4 0 0
1 1
T 12 3
0.0 165.0
N
## O1
optcsmA_1.5amplt2.nc N
HT
1
2006/04/17;00:00:00 2006/04/17;00:00:00 1 F
1
F
2.0 51.0 4.3 52.0 2 1.0
3 0 0
1 1
T 13 3
0.1 0.16
N
optcsmA_1.5phase2.nc N
HT
1
2006/04/17;00:00:00 2006/04/17;00:00:00 1 F
1
F
2.0 51.0 4.3 52.0 2 1.0
3 0 0
1 1
T 12 3
0.0 330.0
N
optcsmA_1.5ellip2.nc N
HT
1
2006/04/17;00:00:00 2006/04/17;00:00:00 1 F
4
F
2.0 51.0 4.3 52.0 2 1.0
1 0 0
1 1
T 11 3
0.1 0.15
F
2.0 51.0 4.3 52.0 2 1.0
2 0 0
1 1
T 13 3
-0.5 0.1
F
2.0 51.0 4.3 52.0 2 1.0
3 0 0
1 1
T 12 3
0.0 165.0
F
2.0 51.0 4.3 52.0 2 1.0
4 0 0
1 1
T 12 3
0.0 165.0
N
## K1
optcsmA_1.6amplt2.nc N
HT
1
2006/04/17;00:00:00 2006/04/17;00:00:00 1 F
1
F
2.0 51.0 4.3 52.0 2 1.0
3 0 0
1 1
T 17 3
0.04 0.12
N
optcsmA_1.6phase2.nc N
HT
1
2006/04/17;00:00:00 2006/04/17;00:00:00 1 F
1
F
2.0 51.0 4.3 52.0 2 1.0
3 0 0
1 1
T 17 3
320.0 336.0
N
optcsmA_1.6ellip2.nc N
HT
1
2006/04/17;00:00:00 2006/04/17;00:00:00 1 F
4
F
2.0 51.0 4.3 52.0 2 1.0
1 0 0
1 1
T 13 3
0.06 0.12
F
2.0 51.0 4.3 52.0 2 1.0
2 0 0
1 1
T 9 3
-0.2 0.2
F
2.0 51.0 4.3 52.0 2 1.0
3 0 0
1 1
T 12 3
0.0 165.0
F
2.0 51.0 4.3 52.0 2 1.0
4 0 0
1 1
T 12 3
0.0 165.0
N
## Q1
optcsmA_1.7amplt2.nc N
HT
1
2006/04/17;00:00:00 2006/04/17;00:00:00 1 F
1
F
2.0 51.0 4.3 52.0 2 1.0
3 0 0
1 1
T 11 3
0.02 0.04
N
optcsmA_1.7phase2.nc N
HT
1
2006/04/17;00:00:00 2006/04/17;00:00:00 1 F
1
F
2.0 51.0 4.3 52.0 2 1.0
3 0 0
1 1
T 13 3
120.0 180.0
N
optcsmA_1.7ellip2.nc N
HT
1
2006/04/17;00:00:00 2006/04/17;00:00:00 1 F
4
F
2.0 51.0 4.3 52.0 2 1.0
1 0 0
1 1
T 18 3
0.0 0.034
F
2.0 51.0 4.3 52.0 2 1.0
2 0 0
1 1
T 13 3
-0.5 0.1
F
2.0 51.0 4.3 52.0 2 1.0
3 0 0
1 1
T 12 3
0.0 165.0
F
2.0 51.0 4.3 52.0 2 1.0
4 0 0
1 1
T 12 2
0.0 165.0
N
## P1
optcsmA_1.8amplt2.nc N
HT
1
2006/04/17;00:00:00 2006/04/17;00:00:00 1 F
1
F
2.0 51.0 4.3 52.0 2 1.0
3 0 0
1 1
T 13 3
0.02 0.05
N
optcsmA_1.8phase2.nc N
HT
1
2006/04/17;00:00:00 2006/04/17;00:00:00 1 F
1
F
2.0 51.0 4.3 52.0 2 1.0
3 0 0
1 1
T 21 3
300.0 340.0
N
optcsmA_1.8ellip2.nc N
HT
1
2006/04/17;00:00:00 2006/04/17;00:00:00 1 F
4
F
2.0 51.0 4.3 52.0 2 1.0
1 0 0
1 1
T 9 3
0.03 0.05
F
2.0 51.0 4.3 52.0 2 1.0
2 0 0
1 1
T 13 3
-0.5 0.1
F
2.0 51.0 4.3 52.0 2 1.0
3 0 0
1 1
T 12 3
0.0 165.0
F
2.0 51.0 4.3 52.0 2 1.0
4 0 0
1 1
T 12 3
0.0 165.0
Q
