flocestE
%
flocestE_1.tsout3.nc N
##
HT
1
2003/01/02;00:00:00 2003/01/04;00:00:00 2 F
5
#
T
1 1 100 10 1 0.001
5 0 0
1 1
T 11 3
0.0 0.1
1 1 0.0
#
T
1 1 100 10 1 0.001
6 0 0
1 1
T 11 3
0.0 0.1
1 1 0.0
#
T
1 1 100 10 1 0.001
7 0 0
1 1
T 11 3
0.0 100.0
1 1 0.0
#
T
1 1 100 10 1 0.001
9 0 0
1 1
T 11 3
0.0 10.0
1 1 0.0
#
T
1 1 100 10 1 0.001
10 0 0
1 1
T 11 3
0.0 0.001
1 1 0.0
##
VT
1
2003/01/02;00:00:00 2003/01/04;00:00:00 2 F
5
#
T
1 5 100 5 1 0.001
5 0 0 0
1 1
T 11 3
0.0 0.1
0.0 0.0 2
#
T
1 5 100 5 1 0.001
6 0 0 0
1 1
T 11 3
0.0 0.1
0.0 0.0 2
#
T
1 5 100 5 1 0.001
7 0 0 0
1 1
T 11 3
0.0 100.0
0.0 0.0 2
#
T
1 5 100 5 1 0.001
9 0 0 0
1 1
T 11 3
0.0 10.0
0.0 0.0 2
#
T
1 5 100 5 1 0.001
10 0 0 0
1 1
T 11 3
0.0 0.001
0.0 0.0 2
##
N
flocestE_2.tsout0.nc N
TS
1
2003/01/02;00:00:00 2003/01/04;00:00:00 2003/01/02;00:00:00 1 3 F
3 3
1
1 1
2
2 1
3
3 1
Q
