planebeachA
%
planebeachA_1.tsout2.nc N
HT
1
2004/12/24;00:00:00:000 2004/12/24;01:00:00:000 1 F
3
#
T
1 1 11 51 1 1.0
1 3 4
1 1
T 7 2
0.0 12.0
2 2 0.5
#
T
1 1 11 51 1 1.0
1 5 6
1 1
T 7 2
0.0 12.0
2 2 0.1
#
T
1 1 11 51 1 1.0
1 7 8
1 1
T 7 2
0.0 12.0
2 2 0.5
##
HP
F
7 7
2004/12/24;01:00:00:000
6 1 6 51 1 1.0
2
1 1
2004/12/24;01:00:00:000
6 1 6 51 1 1.0
7
2 1
2004/12/24;01:00:00:000
6 1 6 51 1 1.0
8
3 1
2004/12/24;01:00:00:000
6 1 6 51 1 1.0
9
4 1
2004/12/24;01:00:00:000
6 1 6 51 1 1.0
12
5 1
2004/12/24;01:00:00:000
6 1 6 51 1 1.0
13
6 1
2004/12/24;01:00:00:000
6 1 6 51 1 1.0
14
7 1
Q