flocvprofE
%
flocvprofE_1.tsout2.nc N
TS
1
2009/04/02;00:00:00:000 2009/04/04;00:00:00:000 2009/04/02;00:00:00:000 1 3 F
2 2
1 1 1
1
1 1
1 1 1
2
2 1
##
N
flocvprofE_1.tsout3.nc N
TZ
1
2009/04/02;00:00:00:000 2009/04/04;00:00:00:000 2009/04/02;00:00:00:000 1 3 F
6
#
1 1 1
1
1
T 15 3
-1.4 1.4
0.0 0.0 2
#
1 1 1
2
1
T 11 3
0.0 1.0
0.0 0.0 2
#
1 1 1
3
1
T 17 3
0.0 4.0
0.0 0.0 2
#
1 1 1
4
1
T 14 3
50.0 115.0
0.0 0.0 2
#
1 1 1
5
1
T 15 3
1200.0 1340.0
0.0 0.0 2
#
1 1 1
6
1
T 10 3
0.0004 0.0013
0.0 0.0 2
##
TS
1
2009/04/02;00:00:00:000 2009/04/04;00:00:00:000 2009/04/02;00:00:00:000 1 3 F
6 6
1 1 1
1
1 1 0.0
1 1
1 1 1
2
1 1 0.0
2 1
1 1 1
3
1 1 0.0
3 1
1 1 1
4
1 1 0.0
4 1
1 1 1
5
1 1 0.0
5 1
1 1 1
6
1 1 0.0
6 1
Q
