morphctbB
%
morphctbB_1.tsout2.nc N
HP
F
8 8
2009/04/05;15:00:00:000
1 1 60 1 1 0.001
4
1 1
2009/04/05;18:00:00:000
1 1 60 1 1 0.001
4
2 1
2009/04/05;21:00:00:000
1 1 60 1 1 0.001
4
3 1
2009/04/06;00:00:00:000
1 1 60 1 1 0.001
4
4 1
#
2009/04/05;15:00:00:000
1 1 60 1 1 0.001
7
5 1
2009/04/05;18:00:00:000
1 1 60 1 1 0.001
7
6 1
2009/04/05;21:00:00:000
1 1 60 1 1 0.001
7
7 1
2009/04/06;00:00:00:000
1 1 60 1 1 0.001
7
8 1
##
TS
1
2009/04/03;00:00:00:000 2009/04/06;00:00:00:000 2009/04/03;00:00:00:000 1 3 F
6 6
10 1 1
5
1 1
30 1 1
5
2 1
50 1 1
5
3 1
#
10 1 1
7
4 1
30 1 1
7
5 1
50 1 1
7
6 1
Q
