dischargesD
%
dischargesD_1.tsout2.nc N
HT
1
2003/01/01;00:00:00:000 2003/01/01;00:05:00:000 1 F
1
T
51 51 150 150 1 0.001
1 2 3
1 1
T 21 2
-0.006 0.006
2 2 0.02
N
dischargesD_1.tsout3.nc N
HT
1
2003/01/01;00:00:00:000 2003/01/01;00:05:00:000 1 F
2
T
51 51 150 150 1 0.001
4 1 2
1 1
T 21 2
0.0 0.04
2 2 0.02
1 20 0.0
T
51 51 150 150 1 0.001
4 1 2
1 1
T 21 2
0.0 0.04
2 2 0.02
1 1 0.0
#
VT
1
2003/01/01;00:00:00:000 2003/01/01;00:05:00:000 1 F
2
T
51 75 150 75 1 0.001
4 1 2 3
1 1
T 21 2
0.0 0.04
2 2 0.02 0.005
0.0 0.0 2
T
51 125 150 125 1 0.001
4 1 2 3
1 1
T 21 2
0.0 0.04
2 2 0.02 0.005
0.0 0.0 2
N
dischargesD_2.tsout0.nc N
TS
1
2003/01/01;00:00:00:000 2003/01/01;00:05:00:000 2003/01/01;00:00:00:000 1 2 T
2 2
1
1 1
2
2 1
Q
