nieuwpoort           54  23  2.720238 51.152779   4.00
oostende             72  36  2.934524 51.243057   5.00
zeebrugge            97  51  3.232143 51.347221   4.00
bolvanknokke        103  61  3.303571 51.416668  11.40
westhinder           32  56  2.458333 51.381943  32.30
cadzand             114  61  3.434524 51.416668  15.30
vlissingen          128  61  3.601191 51.416668  21.40
roompot-buiten      135  91  3.684524 51.625000   4.00
oosterschelde-11    119  94  3.494048 51.645832   9.90
bcz-central-1        42  47  2.577381 51.319443  15.50
bcz central-2       104 103  3.315476 51.708332  34.50
west-ob               8  70  2.172619 51.479168  38.20
north-ob-1           32 126  2.458333 51.868057  44.90
north-ob-2          125 128  3.565476 51.881943  23.30
oosterschelde       159  82  3.970238 51.562500   7.10
westerschelde-west  133  59  3.660714 51.402779   4.00
westerschelde-east  169  55  4.089286 51.375000   4.00
