   51.00347       2.113050               0
   51.01041       2.113050               1
   51.01041       2.124950               0
   51.01735       2.124950               1
   51.01735       2.136850               0
   51.02429       2.136850               1
   51.02429       2.136850               0
   51.03123       2.136850               1
   51.03123       2.136850               0
   51.03817       2.136850               1
   51.03817       2.148750               0
   51.04511       2.148750               1
   51.04511       2.220150               0
   51.05205       2.220150               1
   51.05205       2.315350               0
   51.05899       2.315350               1
   51.05205       2.374850               0
   51.05899       2.374850               1
   51.05205       2.410550               0
   51.05899       2.410550               1
   51.05899       2.422450               0
   51.06593       2.422450               1
   51.06593       2.470050               0
   51.07287       2.470050               1
   51.07287       2.493850               0
   51.07981       2.493850               1
   51.07981       2.517650               0
   51.08675       2.517650               1
   51.08675       2.541450               0
   51.09369       2.541450               1
   51.09369       2.565250               0
   51.10063       2.565250               1
   51.10063       2.577150               0
   51.10757       2.577150               1
   51.10757       2.600950               0
   51.11451       2.600950               1
   51.11451       2.612850               0
   51.12145       2.612850               1
   51.12145       2.624750               0
   51.12839       2.624750               1
   51.12839       2.636650               0
   51.13533       2.636650               1
   51.13533       2.660450               0
   51.14227       2.660450               1
   51.14227       2.696150               0
   51.14921       2.696150               1
   51.14921       2.708050               0
   51.15615       2.708050               1
   51.15615       2.731850               0
   51.16309       2.731850               1
   51.16309       2.743750               0
   51.17003       2.743750               1
   51.17003       2.767550               0
   51.17697       2.767550               1
   51.17697       2.791350               0
   51.18391       2.791350               1
   51.18391       2.803250               0
   51.19085       2.803250               1
   51.19085       2.815150               0
   51.19779       2.815150               1
   51.19779       2.827050               0
   51.20473       2.827050               1
   51.20473       2.850850               0
   51.21167       2.850850               1
   51.21167       2.862750               0
   51.21861       2.862750               1
   51.21861       2.886550               0
   51.22555       2.886550               1
   51.22555       2.898450               0
   51.23249       2.898450               1
   51.23249       2.910350               0
   51.23943       2.910350               1
   51.23943       2.922250               0
   51.24637       2.922250               1
   51.24637       2.946050               0
   51.25331       2.946050               1
   51.25331       2.969850               0
   51.26025       2.969850               1
   51.26025       2.981750               0
   51.26719       2.981750               1
   51.26719       2.993650               0
   51.27413       2.993650               1
   51.27413       3.017450               0
   51.28107       3.017450               1
   51.28107       3.029350               0
   51.28801       3.029350               1
   51.28801       3.053150               0
   51.29495       3.053150               1
   51.29495       3.065050               0
   51.30189       3.065050               1
   51.30189       3.076950               0
   51.30883       3.076950               1
   51.30883       3.100750               0
   51.31577       3.100750               1
   51.31577       3.124550               0
   51.32271       3.124550               1
   51.32271       3.160250               0
   51.32965       3.160250               1
   51.32965       3.172150               0
   51.33659       3.172150               1
   51.33659       3.160250               0
   51.34353       3.160250               1
   51.33659       3.826650               0
   51.34353       3.826650               1
   51.33659       3.862350               0
   51.34353       3.862350               1
   51.34353       3.160250               0
   51.35047       3.160250               1
   51.34353       3.231650               0
   51.35047       3.231650               1
   51.34353       3.255450               0
   51.35047       3.255450               1
   51.34353       3.743350               0
   51.35047       3.743350               1
   51.34353       3.898050               0
   51.35047       3.898050               1
   51.35047       3.160250               0
   51.35741       3.160250               1
   51.35047       3.231650               0
   51.35741       3.231650               1
   51.35047       3.279250               0
   51.35741       3.279250               1
   51.35047       3.731450               0
   51.35741       3.731450               1
   51.35047       3.909950               0
   51.35741       3.909950               1
   51.35047       4.100350               0
   51.35741       4.100350               1
   51.35047       4.159850               0
   51.35741       4.159850               1
   51.35741       3.172150               0
   51.36435       3.172150               1
   51.35741       3.231650               0
   51.36435       3.231650               1
   51.35741       3.314950               0
   51.36435       3.314950               1
   51.35741       3.719550               0
   51.36435       3.719550               1
   51.35741       3.945650               0
   51.36435       3.945650               1
   51.35741       4.088450               0
   51.36435       4.088450               1
   51.35741       4.159850               0
   51.36435       4.159850               1
   51.35741       4.231250               0
   51.36435       4.231250               1
   51.35741       4.255050               0
   51.36435       4.255050               1
   51.36435       3.172150               0
   51.37129       3.172150               1
   51.36435       3.207850               0
   51.37129       3.207850               1
   51.36435       3.338750               0
   51.37129       3.338750               1
   51.36435       3.707650               0
   51.37129       3.707650               1
   51.36435       3.957550               0
   51.37129       3.957550               1
   51.36435       4.064650               0
   51.37129       4.064650               1
   51.36435       4.171750               0
   51.37129       4.171750               1
   51.36435       4.219350               0
   51.37129       4.219350               1
   51.36435       4.255050               0
   51.37129       4.255050               1
   51.37129       3.386350               0
   51.37823       3.386350               1
   51.37129       3.648150               0
   51.37823       3.648150               1
   51.37129       3.969450               0
   51.37823       3.969450               1
   51.37129       4.052750               0
   51.37823       4.052750               1
   51.37129       4.255050               0
   51.37823       4.255050               1
   51.37823       3.410150               0
   51.38517       3.410150               1
   51.37823       3.624350               0
   51.38517       3.624350               1
   51.37823       3.969450               0
   51.38517       3.969450               1
   51.37823       4.040850               0
   51.38517       4.040850               1
   51.37823       4.243150               0
   51.38517       4.243150               1
   51.38517       3.422050               0
   51.39211       3.422050               1
   51.38517       3.433950               0
   51.39211       3.433950               1
   51.38517       3.445850               0
   51.39211       3.445850               1
   51.38517       3.600550               0
   51.39211       3.600550               1
   51.38517       3.814750               0
   51.39211       3.814750               1
   51.38517       3.850450               0
   51.39211       3.850450               1
   51.38517       3.969450               0
   51.39211       3.969450               1
   51.38517       4.040850               0
   51.39211       4.040850               1
   51.38517       4.231250               0
   51.39211       4.231250               1
   51.39211       3.457750               0
   51.39905       3.457750               1
   51.39211       3.588650               0
   51.39905       3.588650               1
   51.39211       3.802850               0
   51.39905       3.802850               1
   51.39211       3.898050               0
   51.39905       3.898050               1
   51.39211       3.969450               0
   51.39905       3.969450               1
   51.39211       4.028950               0
   51.39905       4.028950               1
   51.39211       4.219350               0
   51.39905       4.219350               1
   51.39905       3.493450               0
   51.40599       3.493450               1
   51.39905       3.552950               0
   51.40599       3.552950               1
   51.39905       3.779050               0
   51.40599       3.779050               1
   51.39905       3.909950               0
   51.40599       3.909950               1
   51.39905       3.981350               0
   51.40599       3.981350               1
   51.39905       4.017050               0
   51.40599       4.017050               1
   51.39905       4.100350               0
   51.40599       4.100350               1
   51.39905       4.183650               0
   51.40599       4.183650               1
   51.39905       4.219350               0
   51.40599       4.219350               1
   51.40599       3.779050               0
   51.41293       3.779050               1
   51.40599       3.909950               0
   51.41293       3.909950               1
   51.40599       4.076550               0
   51.41293       4.076550               1
   51.41293       3.731450               0
   51.41987       3.731450               1
   51.41293       3.909950               0
   51.41987       3.909950               1
   51.41293       4.052750               0
   51.41987       4.052750               1
   51.41987       3.719550               0
   51.42681       3.719550               1
   51.41987       3.921850               0
   51.42681       3.921850               1
   51.41987       4.040850               0
   51.42681       4.040850               1
   51.42681       3.707650               0
   51.43375       3.707650               1
   51.42681       3.921850               0
   51.43375       3.921850               1
   51.42681       4.028950               0
   51.43375       4.028950               1
   51.43375       3.695750               0
   51.44069       3.695750               1
   51.43375       3.933750               0
   51.44069       3.933750               1
   51.43375       4.005150               0
   51.44069       4.005150               1
   51.43375       4.124150               0
   51.44069       4.124150               1
   51.43375       4.159850               0
   51.44069       4.159850               1
   51.44069       3.564850               0
   51.44763       3.564850               1
   51.44069       3.600550               0
   51.44763       3.600550               1
   51.44069       3.612450               0
   51.44763       3.612450               1
   51.44069       3.636250               0
   51.44763       3.636250               1
   51.44069       3.683850               0
   51.44763       3.683850               1
   51.44069       3.933750               0
   51.44763       3.933750               1
   51.44069       3.993250               0
   51.44763       3.993250               1
   51.44069       4.100350               0
   51.44763       4.100350               1
   51.44069       4.207450               0
   51.44763       4.207450               1
   51.44763       3.552950               0
   51.45457       3.552950               1
   51.44763       3.660050               0
   51.45457       3.660050               1
   51.44763       3.683850               0
   51.45457       3.683850               1
   51.44763       3.957550               0
   51.45457       3.957550               1
   51.44763       3.981350               0
   51.45457       3.981350               1
   51.44763       4.088450               0
   51.45457       4.088450               1
   51.44763       4.219350               0
   51.45457       4.219350               1
   51.45457       3.541050               0
   51.46151       3.541050               1
   51.45457       3.671950               0
   51.46151       3.671950               1
   51.45457       3.695750               0
   51.46151       3.695750               1
   51.45457       4.088450               0
   51.46151       4.088450               1
   51.45457       4.219350               0
   51.46151       4.219350               1
   51.46151       3.529150               0
   51.46845       3.529150               1
   51.46151       4.076550               0
   51.46845       4.076550               1
   51.46151       4.219350               0
   51.46845       4.219350               1
   51.46845       3.517250               0
   51.47539       3.517250               1
   51.46845       4.076550               0
   51.47539       4.076550               1
   51.46845       4.219350               0
   51.47539       4.219350               1
   51.47539       3.505350               0
   51.48233       3.505350               1
   51.47539       4.064650               0
   51.48233       4.064650               1
   51.47539       4.219350               0
   51.48233       4.219350               1
   51.48233       3.493450               0
   51.48927       3.493450               1
   51.48233       4.064650               0
   51.48927       4.064650               1
   51.48233       4.219350               0
   51.48927       4.219350               1
   51.48927       3.481550               0
   51.49621       3.481550               1
   51.48927       4.052750               0
   51.49621       4.052750               1
   51.48927       4.207450               0
   51.49621       4.207450               1
   51.49621       3.469650               0
   51.50315       3.469650               1
   51.49621       4.052750               0
   51.50315       4.052750               1
   51.49621       4.183650               0
   51.50315       4.183650               1
   51.50315       3.457750               0
   51.51009       3.457750               1
   51.50315       4.028950               0
   51.51009       4.028950               1
   51.50315       4.171750               0
   51.51009       4.171750               1
   51.51009       3.445850               0
   51.51703       3.445850               1
   51.51009       4.017050               0
   51.51703       4.017050               1
   51.51009       4.183650               0
   51.51703       4.183650               1
   51.51703       3.433950               0
   51.52397       3.433950               1
   51.51703       4.005150               0
   51.52397       4.005150               1
   51.51703       4.159850               0
   51.52397       4.159850               1
   51.52397       3.433950               0
   51.53091       3.433950               1
   51.52397       3.957550               0
   51.53091       3.957550               1
   51.52397       4.076550               0
   51.53091       4.076550               1
   51.53091       3.433950               0
   51.53785       3.433950               1
   51.53091       3.945650               0
   51.53785       3.945650               1
   51.53091       4.064650               0
   51.53785       4.064650               1
   51.53785       3.433950               0
   51.54479       3.433950               1
   51.53785       3.886150               0
   51.54479       3.886150               1
   51.53785       3.898050               0
   51.54479       3.898050               1
   51.53785       3.933750               0
   51.54479       3.933750               1
   51.53785       4.052750               0
   51.54479       4.052750               1
   51.54479       3.445850               0
   51.55173       3.445850               1
   51.54479       3.886150               0
   51.55173       3.886150               1
   51.54479       4.040850               0
   51.55173       4.040850               1
   51.55173       3.469650               0
   51.55867       3.469650               1
   51.55173       3.898050               0
   51.55867       3.898050               1
   51.55173       4.028950               0
   51.55867       4.028950               1
   51.55867       3.493450               0
   51.56561       3.493450               1
   51.55867       3.909950               0
   51.56561       3.909950               1
   51.55867       4.017050               0
   51.56561       4.017050               1
   51.56561       3.505350               0
   51.57255       3.505350               1
   51.56561       3.898050               0
   51.57255       3.898050               1
   51.56561       4.005150               0
   51.57255       4.005150               1
   51.57255       3.529150               0
   51.57949       3.529150               1
   51.57255       3.898050               0
   51.57949       3.898050               1
   51.57255       3.993250               0
   51.57949       3.993250               1
   51.57949       3.552950               0
   51.58643       3.552950               1
   51.57949       3.886150               0
   51.58643       3.886150               1
   51.57949       3.993250               0
   51.58643       3.993250               1
   51.58643       3.648150               0
   51.59337       3.648150               1
   51.58643       3.874250               0
   51.59337       3.874250               1
   51.58643       4.005150               0
   51.59337       4.005150               1
   51.59337       3.671950               0
   51.60031       3.671950               1
   51.59337       3.731450               0
   51.60031       3.731450               1
   51.59337       3.767150               0
   51.60031       3.767150               1
   51.59337       3.862350               0
   51.60031       3.862350               1
   51.59337       4.017050               0
   51.60031       4.017050               1
   51.60031       4.052750               0
   51.60725       4.052750               1
   51.60031       4.112250               0
   51.60725       4.112250               1
   51.60031       4.183650               0
   51.60725       4.183650               1
   51.60725       3.969450               0
   51.61419       3.969450               1
   51.60725       3.981350               0
   51.61419       3.981350               1
   51.60725       4.088450               0
   51.61419       4.088450               1
   51.60725       4.100350               0
   51.61419       4.100350               1
   51.60725       4.147950               0
   51.61419       4.147950               1
   51.61419       3.957550               0
   51.62113       3.957550               1
   51.61419       4.005150               0
   51.62113       4.005150               1
   51.61419       4.124150               0
   51.62113       4.124150               1
   51.62113       3.945650               0
   51.62807       3.945650               1
   51.62113       4.028950               0
   51.62807       4.028950               1
   51.62113       4.052750               0
   51.62807       4.052750               1
   51.62113       4.064650               0
   51.62807       4.064650               1
   51.62113       4.112250               0
   51.62807       4.112250               1
   51.62807       3.909950               0
   51.63501       3.909950               1
   51.62807       4.076550               0
   51.63501       4.076550               1
   51.62807       4.100350               0
   51.63501       4.100350               1
   51.63501       3.898050               0
   51.64195       3.898050               1
   51.63501       4.076550               0
   51.64195       4.076550               1
   51.63501       4.100350               0
   51.64195       4.100350               1
   51.64195       3.898050               0
   51.64889       3.898050               1
   51.64195       4.088450               0
   51.64889       4.088450               1
   51.64195       4.112250               0
   51.64889       4.112250               1
   51.64889       3.886150               0
   51.65583       3.886150               1
   51.64889       4.100350               0
   51.65583       4.100350               1
   51.64889       4.124150               0
   51.65583       4.124150               1
   51.65583       3.886150               0
   51.66277       3.886150               1
   51.65583       4.100350               0
   51.66277       4.100350               1
   51.65583       4.136050               0
   51.66277       4.136050               1
   51.66277       3.874250               0
   51.66971       3.874250               1
   51.66277       4.100350               0
   51.66971       4.100350               1
   51.66277       4.136050               0
   51.66971       4.136050               1
   51.66971       3.695750               0
   51.67665       3.695750               1
   51.66971       3.767150               0
   51.67665       3.767150               1
   51.66971       3.862350               0
   51.67665       3.862350               1
   51.67665       3.683850               0
   51.68359       3.683850               1
   51.67665       3.790950               0
   51.68359       3.790950               1
   51.67665       3.826650               0
   51.68359       3.826650               1
   51.68359       3.683850               0
   51.69053       3.683850               1
   51.69053       3.683850               0
   51.69747       3.683850               1
   51.69747       3.683850               0
   51.70441       3.683850               1
   51.70441       3.683850               0
   51.71135       3.683850               1
   51.71135       3.683850               0
   51.71829       3.683850               1
   51.71829       3.695750               0
   51.72523       3.695750               1
   51.72523       3.719550               0
   51.73217       3.719550               1
   51.73217       3.755250               0
   51.73911       3.755250               1
   51.73911       3.838550               0
   51.74605       3.838550               1
   51.74605       3.826650               0
   51.75299       3.826650               1
   51.75299       3.838550               0
   51.75993       3.838550               1
   51.75993       3.862350               0
   51.76687       3.862350               1
   51.76687       3.862350               0
   51.77381       3.862350               1
   51.77381       3.874250               0
   51.78075       3.874250               1
   51.78075       3.874250               0
   51.78769       3.874250               1
   51.78769       3.862350               0
   51.79463       3.862350               1
   51.79463       3.862350               0
   51.80157       3.862350               1
   51.80157       3.862350               0
   51.80851       3.862350               1
   51.80851       3.862350               0
   51.81545       3.862350               1
   51.81545       3.862350               0
   51.82239       3.862350               1
   51.82239       3.886150               0
   51.82933       3.886150               1
   51.82239       4.028950               0
   51.82933       4.028950               1
   51.82239       4.052750               0
   51.82933       4.052750               1
   51.82933       3.933750               0
   51.83627       3.933750               1
   51.82933       4.028950               0
   51.83627       4.028950               1
   51.82933       4.064650               0
   51.83627       4.064650               1
   51.83627       3.969450               0
   51.84321       3.969450               1
   51.83627       4.017050               0
   51.84321       4.017050               1
   51.83627       4.064650               0
   51.84321       4.064650               1
   51.84321       4.064650               0
   51.85015       4.064650               1
   51.85015       4.064650               0
   51.85709       4.064650               1
   51.85709       4.052750               0
   51.86403       4.052750               1
   51.86403       4.052750               0
   51.87097       4.052750               1
   51.87097       4.040850               0
   51.87791       4.040850               1
   51.87791       4.028950               0
   51.88485       4.028950               1
   51.88485       4.028950               0
   51.89179       4.028950               1
   51.89179       4.028950               0
   51.89873       4.028950               1
   51.89873       4.040850               0
   51.90567       4.040850               1
   51.90567       4.040850               0
   51.91261       4.040850               1
   51.91261       4.017050               0
   51.91955       4.017050               1
   51.00347       2.077350               0
   51.00347       2.089250               1
   51.00347       2.089250               0
   51.00347       2.101150               1
   51.00347       2.101150               0
   51.00347       2.113050               1
   51.01041       2.113050               0
   51.01041       2.124950               1
   51.01735       2.124950               0
   51.01735       2.136850               1
   51.03817       2.136850               0
   51.03817       2.148750               1
   51.04511       2.148750               0
   51.04511       2.160650               1
   51.04511       2.160650               0
   51.04511       2.172550               1
   51.04511       2.172550               0
   51.04511       2.184450               1
   51.04511       2.184450               0
   51.04511       2.196350               1
   51.04511       2.196350               0
   51.04511       2.208250               1
   51.04511       2.208250               0
   51.04511       2.220150               1
   51.05205       2.220150               0
   51.05205       2.232050               1
   51.05205       2.232050               0
   51.05205       2.243950               1
   51.05205       2.243950               0
   51.05205       2.255850               1
   51.05205       2.255850               0
   51.05205       2.267750               1
   51.05205       2.267750               0
   51.05205       2.279650               1
   51.05205       2.279650               0
   51.05205       2.291550               1
   51.05205       2.291550               0
   51.05205       2.303450               1
   51.05205       2.303450               0
   51.05205       2.315350               1
   51.05899       2.315350               0
   51.05899       2.327250               1
   51.05899       2.327250               0
   51.05899       2.339150               1
   51.05899       2.339150               0
   51.05899       2.351050               1
   51.05899       2.351050               0
   51.05899       2.362950               1
   51.05899       2.362950               0
   51.05899       2.374850               1
   51.05205       2.374850               0
   51.05205       2.386750               1
   51.05205       2.386750               0
   51.05205       2.398650               1
   51.05205       2.398650               0
   51.05205       2.410550               1
   51.05899       2.410550               0
   51.05899       2.422450               1
   51.06593       2.422450               0
   51.06593       2.434350               1
   51.06593       2.434350               0
   51.06593       2.446250               1
   51.06593       2.446250               0
   51.06593       2.458150               1
   51.06593       2.458150               0
   51.06593       2.470050               1
   51.07287       2.470050               0
   51.07287       2.481950               1
   51.07287       2.481950               0
   51.07287       2.493850               1
   51.07981       2.493850               0
   51.07981       2.505750               1
   51.07981       2.505750               0
   51.07981       2.517650               1
   51.08675       2.517650               0
   51.08675       2.529550               1
   51.08675       2.529550               0
   51.08675       2.541450               1
   51.09369       2.541450               0
   51.09369       2.553350               1
   51.09369       2.553350               0
   51.09369       2.565250               1
   51.10063       2.565250               0
   51.10063       2.577150               1
   51.10757       2.577150               0
   51.10757       2.589050               1
   51.10757       2.589050               0
   51.10757       2.600950               1
   51.11451       2.600950               0
   51.11451       2.612850               1
   51.12145       2.612850               0
   51.12145       2.624750               1
   51.12839       2.624750               0
   51.12839       2.636650               1
   51.13533       2.636650               0
   51.13533       2.648550               1
   51.13533       2.648550               0
   51.13533       2.660450               1
   51.14227       2.660450               0
   51.14227       2.672350               1
   51.14227       2.672350               0
   51.14227       2.684250               1
   51.14227       2.684250               0
   51.14227       2.696150               1
   51.14921       2.696150               0
   51.14921       2.708050               1
   51.15615       2.708050               0
   51.15615       2.719950               1
   51.15615       2.719950               0
   51.15615       2.731850               1
   51.16309       2.731850               0
   51.16309       2.743750               1
   51.17003       2.743750               0
   51.17003       2.755650               1
   51.17003       2.755650               0
   51.17003       2.767550               1
   51.17697       2.767550               0
   51.17697       2.779450               1
   51.17697       2.779450               0
   51.17697       2.791350               1
   51.18391       2.791350               0
   51.18391       2.803250               1
   51.19085       2.803250               0
   51.19085       2.815150               1
   51.19779       2.815150               0
   51.19779       2.827050               1
   51.20473       2.827050               0
   51.20473       2.838950               1
   51.20473       2.838950               0
   51.20473       2.850850               1
   51.21167       2.850850               0
   51.21167       2.862750               1
   51.21861       2.862750               0
   51.21861       2.874650               1
   51.21861       2.874650               0
   51.21861       2.886550               1
   51.22555       2.886550               0
   51.22555       2.898450               1
   51.23249       2.898450               0
   51.23249       2.910350               1
   51.23943       2.910350               0
   51.23943       2.922250               1
   51.24637       2.922250               0
   51.24637       2.934150               1
   51.24637       2.934150               0
   51.24637       2.946050               1
   51.25331       2.946050               0
   51.25331       2.957950               1
   51.25331       2.957950               0
   51.25331       2.969850               1
   51.26025       2.969850               0
   51.26025       2.981750               1
   51.26719       2.981750               0
   51.26719       2.993650               1
   51.27413       2.993650               0
   51.27413       3.005550               1
   51.27413       3.005550               0
   51.27413       3.017450               1
   51.28107       3.017450               0
   51.28107       3.029350               1
   51.28801       3.029350               0
   51.28801       3.041250               1
   51.28801       3.041250               0
   51.28801       3.053150               1
   51.29495       3.053150               0
   51.29495       3.065050               1
   51.30189       3.065050               0
   51.30189       3.076950               1
   51.30883       3.076950               0
   51.30883       3.088850               1
   51.30883       3.088850               0
   51.30883       3.100750               1
   51.31577       3.100750               0
   51.31577       3.112650               1
   51.31577       3.112650               0
   51.31577       3.124550               1
   51.32271       3.124550               0
   51.32271       3.136450               1
   51.32271       3.136450               0
   51.32271       3.148350               1
   51.32271       3.148350               0
   51.32271       3.160250               1
   51.32965       3.160250               0
   51.32965       3.172150               1
   51.33659       3.160250               0
   51.33659       3.172150               1
   51.35741       3.160250               0
   51.35741       3.172150               1
   51.37129       3.172150               0
   51.37129       3.184050               1
   51.37129       3.184050               0
   51.37129       3.195950               1
   51.37129       3.195950               0
   51.37129       3.207850               1
   51.36435       3.207850               0
   51.36435       3.219750               1
   51.36435       3.219750               0
   51.36435       3.231650               1
   51.34353       3.231650               0
   51.34353       3.243550               1
   51.34353       3.243550               0
   51.34353       3.255450               1
   51.35047       3.255450               0
   51.35047       3.267350               1
   51.35047       3.267350               0
   51.35047       3.279250               1
   51.35741       3.279250               0
   51.35741       3.291150               1
   51.35741       3.291150               0
   51.35741       3.303050               1
   51.35741       3.303050               0
   51.35741       3.314950               1
   51.36435       3.314950               0
   51.36435       3.326850               1
   51.36435       3.326850               0
   51.36435       3.338750               1
   51.37129       3.338750               0
   51.37129       3.350650               1
   51.37129       3.350650               0
   51.37129       3.362550               1
   51.37129       3.362550               0
   51.37129       3.374450               1
   51.37129       3.374450               0
   51.37129       3.386350               1
   51.37823       3.386350               0
   51.37823       3.398250               1
   51.37823       3.398250               0
   51.37823       3.410150               1
   51.38517       3.410150               0
   51.38517       3.422050               1
   51.39211       3.422050               0
   51.39211       3.433950               1
   51.38517       3.433950               0
   51.38517       3.445850               1
   51.51703       3.433950               0
   51.51703       3.445850               1
   51.54479       3.433950               0
   51.54479       3.445850               1
   51.39211       3.445850               0
   51.39211       3.457750               1
   51.51009       3.445850               0
   51.51009       3.457750               1
   51.55173       3.445850               0
   51.55173       3.457750               1
   51.39905       3.457750               0
   51.39905       3.469650               1
   51.50315       3.457750               0
   51.50315       3.469650               1
   51.55173       3.457750               0
   51.55173       3.469650               1
   51.39905       3.469650               0
   51.39905       3.481550               1
   51.49621       3.469650               0
   51.49621       3.481550               1
   51.55867       3.469650               0
   51.55867       3.481550               1
   51.39905       3.481550               0
   51.39905       3.493450               1
   51.48927       3.481550               0
   51.48927       3.493450               1
   51.55867       3.481550               0
   51.55867       3.493450               1
   51.40599       3.493450               0
   51.40599       3.505350               1
   51.48233       3.493450               0
   51.48233       3.505350               1
   51.56561       3.493450               0
   51.56561       3.505350               1
   51.40599       3.505350               0
   51.40599       3.517250               1
   51.47539       3.505350               0
   51.47539       3.517250               1
   51.57255       3.505350               0
   51.57255       3.517250               1
   51.40599       3.517250               0
   51.40599       3.529150               1
   51.46845       3.517250               0
   51.46845       3.529150               1
   51.57255       3.517250               0
   51.57255       3.529150               1
   51.40599       3.529150               0
   51.40599       3.541050               1
   51.46151       3.529150               0
   51.46151       3.541050               1
   51.57949       3.529150               0
   51.57949       3.541050               1
   51.40599       3.541050               0
   51.40599       3.552950               1
   51.45457       3.541050               0
   51.45457       3.552950               1
   51.57949       3.541050               0
   51.57949       3.552950               1
   51.39905       3.552950               0
   51.39905       3.564850               1
   51.44763       3.552950               0
   51.44763       3.564850               1
   51.58643       3.552950               0
   51.58643       3.564850               1
   51.39905       3.564850               0
   51.39905       3.576750               1
   51.44069       3.564850               0
   51.44069       3.576750               1
   51.58643       3.564850               0
   51.58643       3.576750               1
   51.39905       3.576750               0
   51.39905       3.588650               1
   51.44069       3.576750               0
   51.44069       3.588650               1
   51.58643       3.576750               0
   51.58643       3.588650               1
   51.39211       3.588650               0
   51.39211       3.600550               1
   51.44069       3.588650               0
   51.44069       3.600550               1
   51.58643       3.588650               0
   51.58643       3.600550               1
   51.38517       3.600550               0
   51.38517       3.612450               1
   51.44763       3.600550               0
   51.44763       3.612450               1
   51.58643       3.600550               0
   51.58643       3.612450               1
   51.38517       3.612450               0
   51.38517       3.624350               1
   51.44069       3.612450               0
   51.44069       3.624350               1
   51.58643       3.612450               0
   51.58643       3.624350               1
   51.37823       3.624350               0
   51.37823       3.636250               1
   51.44069       3.624350               0
   51.44069       3.636250               1
   51.58643       3.624350               0
   51.58643       3.636250               1
   51.37823       3.636250               0
   51.37823       3.648150               1
   51.44763       3.636250               0
   51.44763       3.648150               1
   51.58643       3.636250               0
   51.58643       3.648150               1
   51.37129       3.648150               0
   51.37129       3.660050               1
   51.44763       3.648150               0
   51.44763       3.660050               1
   51.59337       3.648150               0
   51.59337       3.660050               1
   51.37129       3.660050               0
   51.37129       3.671950               1
   51.45457       3.660050               0
   51.45457       3.671950               1
   51.59337       3.660050               0
   51.59337       3.671950               1
   51.37129       3.671950               0
   51.37129       3.683850               1
   51.46151       3.671950               0
   51.46151       3.683850               1
   51.60031       3.671950               0
   51.60031       3.683850               1
   51.37129       3.683850               0
   51.37129       3.695750               1
   51.44069       3.683850               0
   51.44069       3.695750               1
   51.45457       3.683850               0
   51.45457       3.695750               1
   51.46151       3.683850               0
   51.46151       3.695750               1
   51.60031       3.683850               0
   51.60031       3.695750               1
   51.67665       3.683850               0
   51.67665       3.695750               1
   51.71829       3.683850               0
   51.71829       3.695750               1
   51.37129       3.695750               0
   51.37129       3.707650               1
   51.43375       3.695750               0
   51.43375       3.707650               1
   51.60031       3.695750               0
   51.60031       3.707650               1
   51.66971       3.695750               0
   51.66971       3.707650               1
   51.72523       3.695750               0
   51.72523       3.707650               1
   51.36435       3.707650               0
   51.36435       3.719550               1
   51.42681       3.707650               0
   51.42681       3.719550               1
   51.60031       3.707650               0
   51.60031       3.719550               1
   51.66971       3.707650               0
   51.66971       3.719550               1
   51.72523       3.707650               0
   51.72523       3.719550               1
   51.35741       3.719550               0
   51.35741       3.731450               1
   51.41987       3.719550               0
   51.41987       3.731450               1
   51.60031       3.719550               0
   51.60031       3.731450               1
   51.66971       3.719550               0
   51.66971       3.731450               1
   51.73217       3.719550               0
   51.73217       3.731450               1
   51.35047       3.731450               0
   51.35047       3.743350               1
   51.41293       3.731450               0
   51.41293       3.743350               1
   51.59337       3.731450               0
   51.59337       3.743350               1
   51.66971       3.731450               0
   51.66971       3.743350               1
   51.73217       3.731450               0
   51.73217       3.743350               1
   51.34353       3.743350               0
   51.34353       3.755250               1
   51.41293       3.743350               0
   51.41293       3.755250               1
   51.59337       3.743350               0
   51.59337       3.755250               1
   51.66971       3.743350               0
   51.66971       3.755250               1
   51.73217       3.743350               0
   51.73217       3.755250               1
   51.34353       3.755250               0
   51.34353       3.767150               1
   51.41293       3.755250               0
   51.41293       3.767150               1
   51.59337       3.755250               0
   51.59337       3.767150               1
   51.66971       3.755250               0
   51.66971       3.767150               1
   51.73911       3.755250               0
   51.73911       3.767150               1
   51.34353       3.767150               0
   51.34353       3.779050               1
   51.41293       3.767150               0
   51.41293       3.779050               1
   51.60031       3.767150               0
   51.60031       3.779050               1
   51.67665       3.767150               0
   51.67665       3.779050               1
   51.73911       3.767150               0
   51.73911       3.779050               1
   51.34353       3.779050               0
   51.34353       3.790950               1
   51.39905       3.779050               0
   51.39905       3.790950               1
   51.60031       3.779050               0
   51.60031       3.790950               1
   51.67665       3.779050               0
   51.67665       3.790950               1
   51.73911       3.779050               0
   51.73911       3.790950               1
   51.34353       3.790950               0
   51.34353       3.802850               1
   51.39905       3.790950               0
   51.39905       3.802850               1
   51.60031       3.790950               0
   51.60031       3.802850               1
   51.68359       3.790950               0
   51.68359       3.802850               1
   51.73911       3.790950               0
   51.73911       3.802850               1
   51.34353       3.802850               0
   51.34353       3.814750               1
   51.39211       3.802850               0
   51.39211       3.814750               1
   51.60031       3.802850               0
   51.60031       3.814750               1
   51.68359       3.802850               0
   51.68359       3.814750               1
   51.73911       3.802850               0
   51.73911       3.814750               1
   51.34353       3.814750               0
   51.34353       3.826650               1
   51.38517       3.814750               0
   51.38517       3.826650               1
   51.60031       3.814750               0
   51.60031       3.826650               1
   51.68359       3.814750               0
   51.68359       3.826650               1
   51.73911       3.814750               0
   51.73911       3.826650               1
   51.33659       3.826650               0
   51.33659       3.838550               1
   51.38517       3.826650               0
   51.38517       3.838550               1
   51.60031       3.826650               0
   51.60031       3.838550               1
   51.67665       3.826650               0
   51.67665       3.838550               1
   51.73911       3.826650               0
   51.73911       3.838550               1
   51.74605       3.826650               0
   51.74605       3.838550               1
   51.75299       3.826650               0
   51.75299       3.838550               1
   51.33659       3.838550               0
   51.33659       3.850450               1
   51.38517       3.838550               0
   51.38517       3.850450               1
   51.60031       3.838550               0
   51.60031       3.850450               1
   51.67665       3.838550               0
   51.67665       3.850450               1
   51.75993       3.838550               0
   51.75993       3.850450               1
   51.33659       3.850450               0
   51.33659       3.862350               1
   51.39211       3.850450               0
   51.39211       3.862350               1
   51.60031       3.850450               0
   51.60031       3.862350               1
   51.67665       3.850450               0
   51.67665       3.862350               1
   51.75993       3.850450               0
   51.75993       3.862350               1
   51.34353       3.862350               0
   51.34353       3.874250               1
   51.39211       3.862350               0
   51.39211       3.874250               1
   51.59337       3.862350               0
   51.59337       3.874250               1
   51.66971       3.862350               0
   51.66971       3.874250               1
   51.77381       3.862350               0
   51.77381       3.874250               1
   51.78769       3.862350               0
   51.78769       3.874250               1
   51.82239       3.862350               0
   51.82239       3.874250               1
   51.34353       3.874250               0
   51.34353       3.886150               1
   51.39211       3.874250               0
   51.39211       3.886150               1
   51.58643       3.874250               0
   51.58643       3.886150               1
   51.66277       3.874250               0
   51.66277       3.886150               1
   51.82239       3.874250               0
   51.82239       3.886150               1
   51.34353       3.886150               0
   51.34353       3.898050               1
   51.39211       3.886150               0
   51.39211       3.898050               1
   51.53785       3.886150               0
   51.53785       3.898050               1
   51.55173       3.886150               0
   51.55173       3.898050               1
   51.57949       3.886150               0
   51.57949       3.898050               1
   51.64889       3.886150               0
   51.64889       3.898050               1
   51.82933       3.886150               0
   51.82933       3.898050               1
   51.35047       3.898050               0
   51.35047       3.909950               1
   51.39905       3.898050               0
   51.39905       3.909950               1
   51.54479       3.898050               0
   51.54479       3.909950               1
   51.55867       3.898050               0
   51.55867       3.909950               1
   51.56561       3.898050               0
   51.56561       3.909950               1
   51.63501       3.898050               0
   51.63501       3.909950               1
   51.82933       3.898050               0
   51.82933       3.909950               1
   51.35741       3.909950               0
   51.35741       3.921850               1
   51.41987       3.909950               0
   51.41987       3.921850               1
   51.54479       3.909950               0
   51.54479       3.921850               1
   51.62807       3.909950               0
   51.62807       3.921850               1
   51.82933       3.909950               0
   51.82933       3.921850               1
   51.35741       3.921850               0
   51.35741       3.933750               1
   51.43375       3.921850               0
   51.43375       3.933750               1
   51.54479       3.921850               0
   51.54479       3.933750               1
   51.62807       3.921850               0
   51.62807       3.933750               1
   51.82933       3.921850               0
   51.82933       3.933750               1
   51.35741       3.933750               0
   51.35741       3.945650               1
   51.44763       3.933750               0
   51.44763       3.945650               1
   51.53785       3.933750               0
   51.53785       3.945650               1
   51.62807       3.933750               0
   51.62807       3.945650               1
   51.83627       3.933750               0
   51.83627       3.945650               1
   51.36435       3.945650               0
   51.36435       3.957550               1
   51.44763       3.945650               0
   51.44763       3.957550               1
   51.53091       3.945650               0
   51.53091       3.957550               1
   51.62113       3.945650               0
   51.62113       3.957550               1
   51.83627       3.945650               0
   51.83627       3.957550               1
   51.37129       3.957550               0
   51.37129       3.969450               1
   51.45457       3.957550               0
   51.45457       3.969450               1
   51.52397       3.957550               0
   51.52397       3.969450               1
   51.61419       3.957550               0
   51.61419       3.969450               1
   51.83627       3.957550               0
   51.83627       3.969450               1
   51.39905       3.969450               0
   51.39905       3.981350               1
   51.45457       3.969450               0
   51.45457       3.981350               1
   51.52397       3.969450               0
   51.52397       3.981350               1
   51.60725       3.969450               0
   51.60725       3.981350               1
   51.84321       3.969450               0
   51.84321       3.981350               1
   51.40599       3.981350               0
   51.40599       3.993250               1
   51.44763       3.981350               0
   51.44763       3.993250               1
   51.52397       3.981350               0
   51.52397       3.993250               1
   51.61419       3.981350               0
   51.61419       3.993250               1
   51.84321       3.981350               0
   51.84321       3.993250               1
   51.40599       3.993250               0
   51.40599       4.005150               1
   51.44069       3.993250               0
   51.44069       4.005150               1
   51.52397       3.993250               0
   51.52397       4.005150               1
   51.57255       3.993250               0
   51.57255       4.005150               1
   51.58643       3.993250               0
   51.58643       4.005150               1
   51.61419       3.993250               0
   51.61419       4.005150               1
   51.84321       3.993250               0
   51.84321       4.005150               1
   51.40599       4.005150               0
   51.40599       4.017050               1
   51.43375       4.005150               0
   51.43375       4.017050               1
   51.51703       4.005150               0
   51.51703       4.017050               1
   51.56561       4.005150               0
   51.56561       4.017050               1
   51.59337       4.005150               0
   51.59337       4.017050               1
   51.62113       4.005150               0
   51.62113       4.017050               1
   51.84321       4.005150               0
   51.84321       4.017050               1
   51.39905       4.017050               0
   51.39905       4.028950               1
   51.43375       4.017050               0
   51.43375       4.028950               1
   51.51009       4.017050               0
   51.51009       4.028950               1
   51.55867       4.017050               0
   51.55867       4.028950               1
   51.60031       4.017050               0
   51.60031       4.028950               1
   51.62113       4.017050               0
   51.62113       4.028950               1
   51.83627       4.017050               0
   51.83627       4.028950               1
   51.91261       4.017050               0
   51.91261       4.028950               1
   51.39211       4.028950               0
   51.39211       4.040850               1
   51.42681       4.028950               0
   51.42681       4.040850               1
   51.50315       4.028950               0
   51.50315       4.040850               1
   51.55173       4.028950               0
   51.55173       4.040850               1
   51.60031       4.028950               0
   51.60031       4.040850               1
   51.62807       4.028950               0
   51.62807       4.040850               1
   51.82239       4.028950               0
   51.82239       4.040850               1
   51.87791       4.028950               0
   51.87791       4.040850               1
   51.89873       4.028950               0
   51.89873       4.040850               1
   51.91261       4.028950               0
   51.91261       4.040850               1
   51.37823       4.040850               0
   51.37823       4.052750               1
   51.41987       4.040850               0
   51.41987       4.052750               1
   51.50315       4.040850               0
   51.50315       4.052750               1
   51.54479       4.040850               0
   51.54479       4.052750               1
   51.60031       4.040850               0
   51.60031       4.052750               1
   51.62807       4.040850               0
   51.62807       4.052750               1
   51.82239       4.040850               0
   51.82239       4.052750               1
   51.87097       4.040850               0
   51.87097       4.052750               1
   51.37129       4.052750               0
   51.37129       4.064650               1
   51.41293       4.052750               0
   51.41293       4.064650               1
   51.48927       4.052750               0
   51.48927       4.064650               1
   51.53785       4.052750               0
   51.53785       4.064650               1
   51.60725       4.052750               0
   51.60725       4.064650               1
   51.62113       4.052750               0
   51.62113       4.064650               1
   51.82933       4.052750               0
   51.82933       4.064650               1
   51.85709       4.052750               0
   51.85709       4.064650               1
   51.36435       4.064650               0
   51.36435       4.076550               1
   51.41293       4.064650               0
   51.41293       4.076550               1
   51.47539       4.064650               0
   51.47539       4.076550               1
   51.53091       4.064650               0
   51.53091       4.076550               1
   51.60725       4.064650               0
   51.60725       4.076550               1
   51.62807       4.064650               0
   51.62807       4.076550               1
   51.36435       4.076550               0
   51.36435       4.088450               1
   51.40599       4.076550               0
   51.40599       4.088450               1
   51.46151       4.076550               0
   51.46151       4.088450               1
   51.52397       4.076550               0
   51.52397       4.088450               1
   51.60725       4.076550               0
   51.60725       4.088450               1
   51.64195       4.076550               0
   51.64195       4.088450               1
   51.35741       4.088450               0
   51.35741       4.100350               1
   51.40599       4.088450               0
   51.40599       4.100350               1
   51.44763       4.088450               0
   51.44763       4.100350               1
   51.52397       4.088450               0
   51.52397       4.100350               1
   51.61419       4.088450               0
   51.61419       4.100350               1
   51.64889       4.088450               0
   51.64889       4.100350               1
   51.35047       4.100350               0
   51.35047       4.112250               1
   51.39905       4.100350               0
   51.39905       4.112250               1
   51.44069       4.100350               0
   51.44069       4.112250               1
   51.52397       4.100350               0
   51.52397       4.112250               1
   51.60725       4.100350               0
   51.60725       4.112250               1
   51.62807       4.100350               0
   51.62807       4.112250               1
   51.64195       4.100350               0
   51.64195       4.112250               1
   51.66971       4.100350               0
   51.66971       4.112250               1
   51.35047       4.112250               0
   51.35047       4.124150               1
   51.39905       4.112250               0
   51.39905       4.124150               1
   51.44069       4.112250               0
   51.44069       4.124150               1
   51.52397       4.112250               0
   51.52397       4.124150               1
   51.60031       4.112250               0
   51.60031       4.124150               1
   51.62113       4.112250               0
   51.62113       4.124150               1
   51.64889       4.112250               0
   51.64889       4.124150               1
   51.66971       4.112250               0
   51.66971       4.124150               1
   51.35047       4.124150               0
   51.35047       4.136050               1
   51.39905       4.124150               0
   51.39905       4.136050               1
   51.43375       4.124150               0
   51.43375       4.136050               1
   51.52397       4.124150               0
   51.52397       4.136050               1
   51.60031       4.124150               0
   51.60031       4.136050               1
   51.61419       4.124150               0
   51.61419       4.136050               1
   51.65583       4.124150               0
   51.65583       4.136050               1
   51.66971       4.124150               0
   51.66971       4.136050               1
   51.35047       4.136050               0
   51.35047       4.147950               1
   51.39905       4.136050               0
   51.39905       4.147950               1
   51.43375       4.136050               0
   51.43375       4.147950               1
   51.52397       4.136050               0
   51.52397       4.147950               1
   51.60031       4.136050               0
   51.60031       4.147950               1
   51.61419       4.136050               0
   51.61419       4.147950               1
   51.35047       4.147950               0
   51.35047       4.159850               1
   51.39905       4.147950               0
   51.39905       4.159850               1
   51.43375       4.147950               0
   51.43375       4.159850               1
   51.52397       4.147950               0
   51.52397       4.159850               1
   51.60031       4.147950               0
   51.60031       4.159850               1
   51.60725       4.147950               0
   51.60725       4.159850               1
   51.36435       4.159850               0
   51.36435       4.171750               1
   51.39905       4.159850               0
   51.39905       4.171750               1
   51.44069       4.159850               0
   51.44069       4.171750               1
   51.51703       4.159850               0
   51.51703       4.171750               1
   51.60031       4.159850               0
   51.60031       4.171750               1
   51.60725       4.159850               0
   51.60725       4.171750               1
   51.37129       4.171750               0
   51.37129       4.183650               1
   51.39905       4.171750               0
   51.39905       4.183650               1
   51.44069       4.171750               0
   51.44069       4.183650               1
   51.50315       4.171750               0
   51.50315       4.183650               1
   51.51009       4.171750               0
   51.51009       4.183650               1
   51.51703       4.171750               0
   51.51703       4.183650               1
   51.60031       4.171750               0
   51.60031       4.183650               1
   51.60725       4.171750               0
   51.60725       4.183650               1
   51.37129       4.183650               0
   51.37129       4.195550               1
   51.40599       4.183650               0
   51.40599       4.195550               1
   51.44069       4.183650               0
   51.44069       4.195550               1
   51.49621       4.183650               0
   51.49621       4.195550               1
   51.37129       4.195550               0
   51.37129       4.207450               1
   51.40599       4.195550               0
   51.40599       4.207450               1
   51.44069       4.195550               0
   51.44069       4.207450               1
   51.49621       4.195550               0
   51.49621       4.207450               1
   51.37129       4.207450               0
   51.37129       4.219350               1
   51.40599       4.207450               0
   51.40599       4.219350               1
   51.44763       4.207450               0
   51.44763       4.219350               1
   51.48927       4.207450               0
   51.48927       4.219350               1
   51.36435       4.219350               0
   51.36435       4.231250               1
   51.39211       4.219350               0
   51.39211       4.231250               1
   51.35741       4.231250               0
   51.35741       4.243150               1
   51.38517       4.231250               0
   51.38517       4.243150               1
   51.35741       4.243150               0
   51.35741       4.255050               1
   51.37823       4.243150               0
   51.37823       4.255050               1
