fredyA
%
fredyA_1.tsout3.nc N
HT
1
2003/01/07;00:00:00 2003/01/07;00:00:00 1 F
2
#currents and salinity
F
15 15 45 45 1 0.001
4 1 2
1 1
T 11 3
33.75 34.75
2 2 0.02
1 20 0.0
#vorticity
F
15 15 45 45 1 0.001
5 0 0
1 1
T 21 1
-1.0 1.0
1 20 0.0
VT
1
2003/01/07;00:00:00 2003/01/07;00:00:00 1 F
2
#X-transect
F
15 30 45 30 1 0.001
4 1 2 3
1 1
T 11 1
33.75 34.75
2 1 0.02 0.5E-04
0.0 0.0 2
#Y-transect
F
30 15 30 45 1 0.001
4 1 2 3
1 1
T 11 1
33.75 34.75
2 1 0.02 0.5E-04
0.0 0.0 2
N
fredyA_2.tsout0.nc N
TS
1
2003/01/01;00:00:00 2003/01/07;00:00:00 2003/01/01;00:00:00 1 4 F
8 8
1
1 1
2
2 1
3
3 1
4
4 1
5
5 1
6
6 1
7
7 1
8
8 1
Q
