#   Map file staircase coastlines : North Sea Coastlines
#   Area : longitude : 12 deg. West to 12 deg. East
#          latitude  : 48 deg. North to 63 deg. North
#   Originated from gmd435 tape.      02-13-90
#   DATA LIMITS : -10.43770  11.99760  45.52860  63.01640
53.6401 -0.0012 0 2.0
53.6401 -0.1262 1
53.6761 -0.1262 1
53.6761 -0.1887 1
53.7479 -0.1887 1
53.7479 -0.4387 1
53.7120 -0.4387 1
53.7120 -0.5636 1
53.7479 -0.5636 1
53.7479 -0.6261 1
53.6761 -0.6261 1
53.6761 -0.3762 1
53.7120 -0.3762 1
53.7120 -0.2512 1
53.6401 -0.2512 1
53.6401 -0.1887 1
53.6042 -0.1887 1
53.6042 -0.1262 1
53.5683 -0.1262 1
53.5683 -0.0012 1
49.2574 -2.2510 0
49.1855 -2.2510 1
49.1855 -2.0010 1
49.2214 -2.0010 1
49.2214 -2.0635 1
49.2574 -2.0635 1
49.2574 -2.2510 1
50.7662 -1.2511 0
50.7303 -1.2511 1
50.7303 -1.1261 1
50.6584 -1.1261 1
50.6584 -1.1886 1
50.5866 -1.1886 1
50.5866 -1.3761 1
50.6225 -1.3761 1
50.6225 -1.4386 1
50.6584 -1.4386 1
50.6584 -1.5635 1
50.6943 -1.5635 1
50.6943 -1.5010 1
50.6943 -1.4386 1
50.7303 -1.4386 1
50.7303 -1.3761 1
50.7662 -1.3761 1
50.7662 -1.2511 1
53.9994 -0.1887 0
53.9275 -0.1887 1
53.9275 -0.1262 1
53.8557 -0.1262 1
53.8557 -0.0637 1
53.7838 -0.0637 1
53.7838 -0.0012 1
50.2992 -3.8758 0
50.2273 -3.8758 1
50.2273 -3.8133 1
50.1914 -3.8133 1
50.1914 -3.6883 1
50.2273 -3.6883 1
50.2273 -3.6258 1
50.3351 -3.6258 1
50.3351 -3.5008 1
50.4069 -3.5008 1
50.4069 -3.5633 1
50.4429 -3.5633 1
50.4429 -3.5008 1
50.5866 -3.5008 1
50.5866 -3.4384 1
50.6225 -3.4384 1
50.6225 -3.3134 1
50.6584 -3.3134 1
50.6584 -3.2509 1
50.6943 -3.2509 1
50.6943 -2.9384 1
50.7303 -2.9384 1
50.7303 -2.8134 1
50.6943 -2.8134 1
50.6943 -2.6884 1
50.6584 -2.6884 1
50.6584 -2.5634 1
50.6225 -2.5634 1
50.6225 -2.5009 1
50.5506 -2.5009 1
50.5506 -2.4385 1
50.6225 -2.4385 1
50.6225 -2.1260 1
50.5866 -2.1260 1
50.5866 -1.9385 1
50.7303 -1.9385 1
50.7303 -1.5635 1
50.7662 -1.5635 1
50.7662 -1.4386 1
50.8021 -1.4386 1
50.8021 -1.3136 1
50.8380 -1.3136 1
50.8380 -1.2511 1
50.8021 -1.2511 1
50.8021 -1.0636 1
50.8380 -1.0636 1
50.8380 -1.0011 1
50.8021 -1.0011 1
50.8021 -0.9386 1
50.8380 -0.9386 1
50.8380 -0.8761 1
50.7662 -0.8761 1
50.7662 -0.8136 1
50.7303 -0.8136 1
50.7303 -0.7511 1
50.7662 -0.7511 1
50.7662 -0.6261 1
50.8021 -0.6261 1
50.8021 -0.3137 1
50.8380 -0.3137 1
50.8380 -0.1262 1
50.8021 -0.1262 1
50.8021 -0.0012 1
49.4729 -2.6259 0
49.4729 -2.5634 1
49.5088 -2.5634 1
49.5088 -2.5009 1
49.4370 -2.5009 1
49.4370 -2.6259 1
49.4729 -2.6259 1
48.6466 -4.0008 0
48.6466 -3.8758 1
48.7185 -3.8758 1
48.7185 -3.7508 1
48.6826 -3.7508 1
48.6826 -3.5633 1
48.8263 -3.5633 1
48.8263 -3.4384 1
48.7903 -3.4384 1
48.7903 -3.3759 1
48.8263 -3.3759 1
48.8263 -3.2509 1
48.8622 -3.2509 1
48.8622 -3.0634 1
48.8263 -3.0634 1
48.8263 -3.0009 1
48.7903 -3.0009 1
48.7903 -3.0634 1
48.7544 -3.0634 1
48.7544 -2.9384 1
48.6826 -2.9384 1
48.6826 -2.8759 1
48.6466 -2.8759 1
48.6466 -2.8134 1
48.5748 -2.8134 1
48.5748 -2.7509 1
48.5029 -2.7509 1
48.5029 -2.6259 1
48.5748 -2.6259 1
48.5748 -2.5634 1
48.6107 -2.5634 1
48.6107 -2.5009 1
48.6466 -2.5009 1
48.6466 -2.3760 1
48.6826 -2.3760 1
48.6826 -2.3135 1
48.6107 -2.3135 1
48.6107 -2.2510 1
48.5748 -2.2510 1
48.5748 -2.1885 1
48.6107 -2.1885 1
48.6107 -2.1260 1
48.6466 -2.1260 1
48.6466 -2.0010 1
48.6826 -2.0010 1
48.6826 -1.8760 1
48.6107 -1.8760 1
48.6107 -1.4386 1
48.6466 -1.4386 1
48.6466 -1.3761 1
48.6826 -1.3761 1
48.6826 -1.5010 1
48.7185 -1.5010 1
48.7185 -1.5635 1
49.0418 -1.5635 1
49.0418 -1.6260 1
49.2574 -1.6260 1
49.2574 -1.6885 1
49.3292 -1.6885 1
49.3292 -1.7510 1
49.3651 -1.7510 1
49.3651 -1.8135 1
49.5088 -1.8135 1
49.5088 -1.8760 1
49.5807 -1.8760 1
49.5807 -1.8135 1
49.6166 -1.8135 1
49.6166 -1.8760 1
49.6525 -1.8760 1
49.6525 -1.9385 1
49.7244 -1.9385 1
49.7244 -1.8760 1
49.6884 -1.8760 1
49.6884 -1.6885 1
49.6525 -1.6885 1
49.6525 -1.5010 1
49.6884 -1.5010 1
49.6884 -1.4386 1
49.7244 -1.4386 1
49.7244 -1.3761 1
49.6884 -1.3761 1
49.6884 -1.2511 1
49.5807 -1.2511 1
49.5807 -1.3136 1
49.5088 -1.3136 1
49.5088 -1.2511 1
49.4370 -1.2511 1
49.4370 -1.1886 1
49.3292 -1.1886 1
49.3292 -1.1261 1
49.4011 -1.1261 1
49.4011 -0.9386 1
49.3651 -0.9386 1
49.3651 -0.7511 1
49.3292 -0.7511 1
49.3292 -0.3762 1
49.2933 -0.3762 1
49.2933 -0.0637 1
49.3292 -0.0637 1
49.3292 -0.0012 1
49.3292 -0.0012 0
49.3292 -0.0012 0
49.3292 -0.0012 0
53.9994 -0.1887 0
54.1072 -0.1887 1
54.1072 -0.0637 1
54.1431 -0.0637 1
54.1431 -0.1887 1
54.1790 -0.1887 1
54.1790 -0.2512 1
54.2149 -0.2512 1
54.2149 -0.3137 1
54.2508 -0.3137 1
54.2508 -0.3762 1
54.2868 -0.3762 1
54.2868 -0.4387 1
54.3945 -0.4387 1
54.3945 -0.5011 1
54.4305 -0.5011 1
54.4305 -0.5636 1
54.5023 -0.5636 1
54.5023 -0.6886 1
54.5382 -0.6886 1
54.5382 -0.7511 1
54.5742 -0.7511 1
54.5742 -1.0011 1
54.6101 -1.0011 1
54.6101 -1.1886 1
54.7179 -1.1886 1
54.7179 -1.2511 1
54.7538 -1.2511 1
54.7538 -1.3136 1
54.8616 -1.3136 1
54.8616 -1.3761 1
55.0053 -1.3761 1
55.0053 -1.4386 1
55.0771 -1.4386 1
55.0771 -1.5010 1
55.2208 -1.5010 1
55.2208 -1.5635 1
55.3286 -1.5635 1
55.3286 -1.6260 1
55.4004 -1.6260 1
55.4004 -1.5635 1
55.4723 -1.5635 1
55.4723 -1.6260 1
55.5801 -1.6260 1
55.5801 -1.6885 1
55.6160 -1.6885 1
55.6160 -1.8135 1
55.6519 -1.8135 1
55.6519 -1.8760 1
55.6878 -1.8760 1
55.6878 -1.9385 1
55.7237 -1.9385 1
55.7237 -2.0010 1
55.7956 -2.0010 1
55.7956 -2.0635 1
55.8674 -2.0635 1
55.8674 -2.1260 1
55.9034 -2.1260 1
55.9034 -2.1885 1
55.9393 -2.1885 1
55.9393 -2.3760 1
55.9752 -2.3760 1
55.9752 -2.5009 1
56.0111 -2.5009 1
56.0111 -2.6259 1
56.0471 -2.6259 1
56.0471 -2.8759 1
55.9752 -2.8759 1
55.9752 -3.0009 1
55.9393 -3.0009 1
55.9393 -3.1259 1
55.9752 -3.1259 1
55.9752 -3.3134 1
56.0111 -3.3134 1
56.0111 -3.3759 1
55.9752 -3.3759 1
55.9752 -3.4384 1
56.0111 -3.4384 1
56.0111 -3.5008 1
56.0471 -3.5008 1
56.0471 -3.1884 1
56.0830 -3.1884 1
56.0830 -3.1259 1
56.1548 -3.1259 1
56.1548 -3.0634 1
56.1908 -3.0634 1
56.1908 -3.0009 1
56.2267 -3.0009 1
56.2267 -2.9384 1
56.1908 -2.9384 1
56.1908 -2.7509 1
56.2267 -2.7509 1
56.2267 -2.6259 1
56.2626 -2.6259 1
56.2626 -2.5634 1
56.2985 -2.5634 1
56.2985 -2.6884 1
56.3345 -2.6884 1
56.3345 -2.8134 1
56.4422 -2.8134 1
56.4422 -2.9384 1
56.4063 -2.9384 1
56.4063 -3.1259 1
56.4422 -3.1259 1
56.4422 -3.0009 1
56.4782 -3.0009 1
56.4782 -2.6884 1
56.5141 -2.6884 1
56.5141 -2.6259 1
56.5500 -2.6259 1
56.5500 -2.5634 1
56.5859 -2.5634 1
56.5859 -2.5009 1
56.6578 -2.5009 1
56.6578 -2.4385 1
56.7656 -2.4385 1
56.7656 -2.3760 1
56.8015 -2.3760 1
56.8015 -2.3135 1
56.8374 -2.3135 1
56.8374 -2.2510 1
56.8733 -2.2510 1
56.8733 -2.1885 1
57.0000 -2.1885 1
53.7838 -0.0012 0
53.7120 -0.0012 1
53.7120 0.0613 1
53.6761 0.0613 1
53.6761 0.1238 1
53.6401 0.1238 1
53.6401 -0.0012 1
53.5683 -0.0012 0
53.4964 -0.0012 1
53.4964 0.1238 1
53.4605 0.1238 1
53.4605 0.1863 1
53.3887 0.1863 1
53.3887 0.2488 1
53.3168 0.2488 1
53.3168 0.3113 1
53.2090 0.3113 1
53.2090 0.3738 1
53.1372 0.3738 1
53.1372 0.3113 1
53.1013 0.3113 1
53.1013 0.2488 1
53.0653 0.2488 1
53.0653 0.1863 1
53.0294 0.1863 1
53.0294 0.1238 1
52.9935 0.1238 1
52.9935 0.0613 1
52.9216 0.0613 1
52.9216 -0.0012 1
52.8857 -0.0012 1
52.8857 0.1238 1
52.8498 0.1238 1
52.8498 0.1863 1
52.8139 0.1863 1
52.8139 0.4363 1
52.8857 0.4363 1
52.8857 0.4988 1
52.9935 0.4988 1
52.9935 0.5612 1
52.9576 0.5612 1
52.9576 0.6862 1
52.9935 0.6862 1
52.9935 0.7487 1
52.9576 0.7487 1
52.9576 0.9987 1
52.9935 0.9987 1
52.9935 1.0612 1
52.9576 1.0612 1
52.9576 1.2487 1
52.9216 1.2487 1
52.9216 1.3737 1
52.8857 1.3737 1
52.8857 1.4362 1
52.8498 1.4362 1
52.8498 1.4987 1
52.8139 1.4987 1
52.8139 1.5611 1
52.7779 1.5611 1
52.7779 1.6236 1
52.7420 1.6236 1
52.7420 1.6861 1
52.7061 1.6861 1
52.7061 1.7486 1
52.3828 1.7486 1
52.3828 1.6861 1
52.2750 1.6861 1
52.2750 1.6236 1
52.0954 1.6236 1
52.0954 1.5611 1
52.0595 1.5611 1
52.0595 1.4362 1
51.9876 1.4362 1
51.9876 1.3737 1
51.9517 1.3737 1
51.9517 1.2487 1
51.8798 1.2487 1
51.8798 1.3112 1
51.8439 1.3112 1
51.8439 1.2487 1
51.8080 1.2487 1
51.8080 1.1862 1
51.7721 1.1862 1
51.7721 1.0612 1
51.8080 1.0612 1
51.8080 0.9987 1
51.7721 0.9987 1
51.7721 0.8737 1
51.7361 0.8737 1
51.7361 0.9362 1
51.5924 0.9362 1
51.5924 0.8737 1
51.5565 0.8737 1
51.5565 0.8112 1
51.5206 0.8112 1
51.5206 0.4363 1
51.4847 0.4363 1
51.4847 0.6862 1
51.4487 0.6862 1
51.4487 0.6237 1
51.4128 0.6237 1
51.4128 0.5612 1
51.3769 0.5612 1
51.3769 0.6862 1
51.4128 0.6862 1
51.4128 0.7487 1
51.4487 0.7487 1
51.4487 0.8112 1
51.4128 0.8112 1
51.4128 0.9362 1
51.3410 0.9362 1
51.3410 1.0612 1
51.3769 1.0612 1
51.3769 1.4362 1
51.3410 1.4362 1
51.3410 1.3737 1
51.1254 1.3737 1
51.1254 1.3112 1
51.0895 1.3112 1
51.0895 1.1237 1
51.0536 1.1237 1
51.0536 0.9987 1
50.9817 0.9987 1
50.9817 0.9362 1
50.9458 0.9362 1
50.9458 0.9987 1
50.9099 0.9987 1
50.9099 0.8112 1
50.9458 0.8112 1
50.9458 0.7487 1
50.9099 0.7487 1
50.9099 0.6862 1
50.8740 0.6862 1
50.8740 0.5612 1
50.8380 0.5612 1
50.8380 0.3738 1
50.8021 0.3738 1
50.8021 0.3113 1
50.7662 0.3113 1
50.7662 0.2488 1
50.7303 0.2488 1
50.7303 0.1863 1
50.7662 0.1863 1
50.7662 0.0613 1
50.8021 0.0613 1
50.8021 -0.0012 1
49.3292 -0.0012 0
49.3292 0.0613 1
49.3651 0.0613 1
49.4011 0.0613 1
49.4011 0.1863 1
49.4011 0.2488 1
49.4370 0.2488 1
49.4370 0.3113 1
49.4729 0.3113 1
49.4729 0.1238 1
49.5088 0.1238 1
49.5088 0.0613 1
49.5447 0.0613 1
49.5447 0.1238 1
49.6525 0.1238 1
49.6525 0.1863 1
49.7244 0.1863 1
49.7244 0.3113 1
49.7603 0.3113 1
49.7603 0.4363 1
49.7962 0.4363 1
49.7962 0.4988 1
49.8321 0.4988 1
49.8321 0.5612 1
49.8681 0.5612 1
49.8681 0.8112 1
49.9040 0.8112 1
49.9040 1.0612 1
49.9399 1.0612 1
49.9399 1.1862 1
49.9758 1.1862 1
49.9758 1.2487 1
50.0118 1.2487 1
50.0118 1.3112 1
50.0477 1.3112 1
50.0477 1.3737 1
50.0836 1.3737 1
50.0836 1.4362 1
50.1195 1.4362 1
50.1195 1.4987 1
50.1914 1.4987 1
50.1914 1.6861 1
50.2273 1.6861 1
50.2273 1.6236 1
50.2632 1.6236 1
50.2632 1.5611 1
50.7303 1.5611 1
50.7303 1.6236 1
50.8380 1.6236 1
50.8380 1.5611 1
50.8740 1.5611 1
50.8740 1.6861 1
50.9458 1.6861 1
50.9458 1.8736 1
50.9817 1.8736 1
50.9817 2.0611 1
51.0177 2.0611 1
51.0177 2.2486 1
51.0536 2.2486 1
51.0536 2.4986 1
51.0895 2.4986 1
51.0895 2.6235 1
51.1254 2.6235 1
51.1254 2.6860 1
51.1613 2.6860 1
51.1613 2.8110 1
51.1973 2.8110 1
51.1973 2.8735 1
51.2332 2.8735 1
51.2332 2.9360 1
51.2691 2.9360 1
51.2691 3.0610 1
51.3050 3.0610 1
51.3050 3.1860 1
51.3410 3.1860 1
51.3410 3.3110 1
51.3769 3.3110 1
51.3769 3.4360 1
51.3769 3.4985 1
51.4128 3.4985 1
51.4128 3.5609 1
51.3769 3.5609 1
51.3769 3.6234 1
51.3769 3.6859 1
51.3410 3.6859 1
51.3410 3.8734 1
51.3410 3.9359 1
51.3769 3.9359 1
51.3769 3.9984 1
51.4487 3.9984 1
51.4487 3.9359 1
51.4128 3.9359 1
51.4128 3.8734 1
51.3769 3.8734 1
51.3769 3.8109 1
51.4128 3.8109 1
51.4128 3.7484 1
51.4128 3.6859 1
51.4487 3.6859 1
51.4487 3.4985 1
51.4847 3.4985 1
51.4847 3.4360 1
51.5565 3.4360 1
51.5565 3.4985 1
51.5924 3.4985 1
51.5924 3.8734 1
51.5206 3.8734 1
51.5206 3.9359 1
51.5206 3.9984 1
51.4847 3.9984 1
51.4847 4.0609 1
51.4487 4.0609 1
51.4487 4.1234 1
51.4487 4.3109 1
51.4847 4.3109 1
51.4847 4.2484 1
51.5206 4.2484 1
51.5206 4.0609 1
51.5565 4.0609 1
51.5565 3.9984 1
51.5565 3.9984 0
51.6284 3.9984 1
51.6284 3.8734 1
51.6643 3.8734 1
51.6643 3.8109 1
51.6643 3.6859 1
51.7361 3.6859 1
51.7361 3.8109 1
51.7721 3.8109 1
51.7721 3.8734 1
51.8080 3.8734 1
51.8080 3.9359 1
51.8439 3.9359 1
51.8439 4.0609 1
51.9158 4.0609 1
51.9158 3.9984 1
51.9876 3.9984 1
51.9876 4.1234 1
52.0235 4.1234 1
52.0235 4.1859 1
52.0595 4.1859 1
52.0595 4.2484 1
52.1313 4.2484 1
52.1313 4.3109 1
52.1672 4.3109 1
52.1672 4.3734 1
52.2032 4.3734 1
52.2032 4.4359 1
52.2750 4.4359 1
52.2750 4.4984 1
52.3828 4.4984 1
52.3828 4.5608 1
52.4906 4.5608 1
52.4906 4.6233 1
52.7420 4.6233 1
52.7420 4.6858 1
52.9576 4.6858 1
52.9576 4.8108 1
52.8857 4.8108 1
52.8857 4.9358 1
52.9216 4.9358 1
52.9216 5.0608 1
52.8857 5.0608 1
52.8857 5.1233 1
52.7420 5.1233 1
52.7420 5.3108 1
52.7061 5.3108 1
52.7061 5.2483 1
52.6702 5.2483 1
52.9935 4.6858 0
53.0653 4.6858 1
53.0653 4.7483 1
53.1372 4.7483 1
53.1372 4.8108 1
53.1731 4.8108 1
53.1731 4.8733 1
53.0294 4.8733 1
53.0294 4.8108 1
52.9935 4.8108 1
52.9935 4.6858 1
53.3887 5.1858 0
53.3527 5.1858 1
53.3527 5.3108 1
53.3887 5.3108 1
53.3887 5.4983 1
53.4246 5.4983 1
53.4246 5.2483 1
53.3887 5.2483 1
53.3887 5.1858 1
53.4605 5.6232 0
53.4246 5.6232 1
53.4246 5.8732 1
53.4605 5.8732 1
53.4605 5.6232 1
52.6702 5.2483 0
52.6342 5.2483 1
52.6342 5.0608 1
52.4187 5.0608 1
52.3828 5.0608 1
52.3828 4.9983 1
52.3469 4.9983 1
52.3469 5.0608 1
52.3469 5.1233 1
52.3828 5.1233 1
52.3828 5.1858 1
52.4187 5.1858 1
52.4187 5.2483 1
52.4546 5.2483 1
52.4546 5.3108 1
52.4906 5.3108 1
52.4906 5.4358 1
52.5265 5.4358 1
52.5624 5.4358 1
52.5624 5.5607 1
52.5983 5.5607 1
52.5983 5.6232 1
52.6342 5.6232 1
52.8139 5.6232 1
52.8139 5.6857 1
52.8498 5.6857 1
52.8498 5.3733 1
52.9216 5.3733 1
52.9216 5.4358 1
52.9935 5.4358 1
52.9935 5.3733 1
53.1372 5.3733 1
53.1372 5.4358 1
53.2090 5.4358 1
53.2450 5.4358 1
53.2450 5.5607 1
53.3168 5.5607 1
53.3168 5.7482 1
53.3527 5.7482 1
53.3527 5.8732 1
53.3887 5.8732 1
53.3887 5.9982 1
53.2450 4.8733 0
53.2090 4.8733 1
53.2090 4.9358 1
53.2450 4.9358 1
53.2450 4.8733 1
53.2809 4.9358 0
53.2450 4.9358 1
53.2450 4.9983 1
53.2809 4.9983 1
53.2809 4.9358 1
53.3168 4.9983 0
53.2809 4.9983 1
53.2809 5.0608 1
53.3168 5.0608 1
53.3168 4.9983 1
53.3168 4.9983 0
53.3168 4.9983 0
53.3168 4.9983 0
53.4964 6.1232 0
53.4605 6.1232 1
53.4605 6.2482 1
53.4964 6.2482 1
53.4964 6.1232 1
53.5683 6.4357 0
53.5324 6.4357 1
53.5324 6.4982 1
53.5683 6.4982 1
53.5683 6.4357 1
53.6042 6.6856 0
53.5683 6.6856 1
53.5683 6.7481 1
53.6042 6.7481 1
53.6042 6.6856 1
53.6761 6.8731 0
53.6401 6.8731 1
53.6401 6.9356 1
53.6761 6.9356 1
53.6761 6.8731 1
53.3887 5.9982 0
53.3887 6.1232 1
53.4246 6.1232 1
53.4246 6.2482 1
53.3887 6.2482 1
53.3887 6.3732 1
53.4246 6.3732 1
53.4246 6.6231 1
53.4605 6.6231 1
53.4605 6.8731 1
53.3527 6.8731 1
53.3527 6.9356 1
53.3168 6.9356 1
53.3168 6.9981 1
53.3168 7.0606 1
53.2450 7.0606 1
53.2450 7.2481 1
53.3168 7.2481 1
53.3168 7.1231 1
53.3527 7.1231 1
53.3527 6.9981 1
53.4964 6.9981 1
53.4964 7.0606 1
53.5324 7.0606 1
53.5324 7.1231 1
53.5683 7.1231 1
53.5683 7.0606 1
53.6042 7.0606 1
53.6042 7.1231 1
53.6401 7.1231 1
53.6401 7.2481 1
53.6761 7.2481 1
53.6761 7.6230 1
53.7120 7.6230 1
53.7120 7.9980 1
53.6401 7.9980 1
53.6401 8.1230 1
53.5683 8.1230 1
53.5683 8.1855 1
53.5324 8.1855 1
53.5324 8.1230 1
53.4964 8.1230 1
53.4964 8.0605 1
53.4605 8.0605 1
53.4605 8.1230 1
53.4246 8.1230 1
53.4246 8.1855 1
53.3887 8.1855 1
53.3887 8.2480 1
53.4246 8.2480 1
53.4246 8.3105 1
53.5324 8.3105 1
53.5324 8.2480 1
53.6042 8.2480 1
53.6042 8.3730 1
53.5683 8.3730 1
53.5683 8.4980 1
53.5324 8.4980 1
53.5324 8.5604 1
53.6042 8.5604 1
53.6042 8.4980 1
53.6761 8.4980 1
53.7838 8.4980 1
53.7838 8.5604 1
53.8557 8.5604 1
53.8557 8.6229 1
53.8916 8.6229 1
53.8916 8.6854 1
53.8557 8.6854 1
53.8557 8.7479 1
53.8198 8.7479 1
53.8198 8.9354 1
53.8557 8.9354 1
53.8557 9.2479 1
53.8557 9.3104 1
53.8916 9.3104 1
53.8916 9.1229 1
53.8916 8.9354 1
53.9275 8.9354 1
53.9275 8.8729 1
53.9994 8.8729 1
53.7120 7.4356 0
53.7479 7.4356 1
53.7479 7.3731 1
53.7120 7.3731 1
53.7120 7.4356 1
53.7838 7.6855 0
53.7479 7.6855 1
53.7479 7.7480 1
53.7838 7.7480 1
53.7838 7.6855 1
53.7479 8.1230 0
53.7120 8.1230 1
53.7120 8.1855 1
53.7479 8.1855 1
53.7479 8.1230 1
53.7479 7.1856 0
53.7120 7.1856 1
53.7120 7.3106 1
53.7479 7.3106 1
53.7479 7.1856 1
53.7838 7.4981 0
53.7479 7.4981 1
53.7479 7.6230 1
53.7838 7.6230 1
53.7838 7.4981 1
53.8198 7.8730 0
53.7838 7.8730 1
53.7838 7.9355 1
53.8198 7.9355 1
53.8198 7.8730 1
54.8975 8.6229 0
54.8975 8.4980 1
54.8616 8.4980 1
54.8616 8.3105 1
54.7538 8.3105 1
54.7538 8.2480 1
54.8975 8.2480 1
54.8975 8.3105 1
55.0053 8.3105 1
55.0053 8.3730 1
55.0412 8.3730 1
55.0412 8.4355 1
55.0053 8.4355 1
55.0053 8.3730 1
54.8975 8.3730 1
54.8975 8.4980 1
55.1490 8.6854 0
55.1490 8.5604 1
55.2208 8.5604 1
55.2208 8.4980 1
55.0771 8.4980 1
55.0771 8.5604 1
55.1490 8.5604 1
54.4664 8.4355 0
54.4305 8.4355 1
54.4305 8.4980 1
54.4664 8.4980 1
54.4664 8.4355 1
54.5023 8.9354 0
54.5023 8.8104 1
54.4664 8.8104 1
54.4664 8.9354 1
54.5023 8.9354 1
54.5382 8.6229 0
54.5023 8.6229 1
54.5023 8.6854 1
54.5382 8.6854 1
54.5382 8.6229 1
54.6819 8.5604 0
54.7538 8.5604 1
54.7538 8.4355 1
54.6819 8.4355 1
54.6819 8.5604 1
54.6819 8.3105 0
54.6819 8.3730 1
54.6101 8.3730 1
54.6101 8.3105 1
54.6819 8.3105 1
53.9994 8.8729 0
54.0353 8.8729 1
54.0353 8.9979 1
54.1431 8.9979 1
54.1431 8.8104 1
54.2868 8.8104 1
54.2868 8.5604 1
54.3586 8.5604 1
54.3586 8.6229 1
54.3945 8.6229 1
54.3945 8.8729 1
54.4305 8.8729 1
54.4305 8.9354 1
54.4305 8.9979 1
54.5382 8.9979 1
54.5382 8.9354 1
54.5742 8.9354 1
54.5742 8.8729 1
54.6101 8.8729 1
54.6101 8.8104 1
54.6819 8.8104 1
54.6819 8.7479 1
54.7179 8.7479 1
54.7179 8.6854 1
54.7897 8.6854 1
54.8256 8.6854 1
54.8256 8.6229 1
54.8975 8.6229 1
54.8975 8.6854 1
54.9693 8.6854 1
54.9693 8.6229 1
55.0771 8.6229 1
55.0771 8.6854 1
55.2208 8.6854 1
55.3645 8.6854 1
55.3645 8.6229 1
55.4364 8.6229 1
55.4364 8.4980 1
55.4723 8.4980 1
55.4723 8.4355 1
55.5082 8.4355 1
55.5082 8.3730 1
55.5441 8.3730 1
55.5441 8.3105 1
55.5801 8.3105 1
55.5801 8.2480 1
55.5082 8.2480 1
55.5082 8.1855 1
55.5441 8.1855 1
55.5441 8.0605 1
55.5801 8.0605 1
55.5801 8.1230 1
55.6878 8.1230 1
55.6878 8.1855 1
55.8315 8.1855 1
55.4723 8.3730 0
55.3645 8.3730 1
55.3645 8.4980 1
55.4004 8.4980 1
55.4004 8.4355 1
55.4723 8.4355 1
55.4723 8.3730 1
55.8315 8.1855 0
55.9393 8.1855 1
55.9393 8.1230 1
56.0471 8.1230 1
56.6219 8.1230 1
56.6219 8.1855 1
56.6937 8.1855 1
56.6937 8.2480 1
56.8733 8.2480 1
56.8733 8.3105 1
56.9452 8.3105 1
56.9452 8.3730 1
56.9811 8.3730 1
56.9811 8.4355 1
55.5082 8.2480 0
55.4723 8.2480 1
55.4723 8.3105 1
55.5082 8.3105 1
55.5082 8.2480 1
