nieuwpoort           82  65  2.750000 51.166668  11.25
oostende             84  67  2.916667 51.250000  13.75
zeebrugge            87  69  3.166667 51.333332   9.25
cadzand              90  71  3.416667 51.416668   7.75
vlissingen           92  71  3.583333 51.416668   6.00
noordwijk-meetpost  101  92  4.333334 52.291668  12.75
helgoland           144 137  7.916667 54.166668  30.50
cuxhaven            154 130  8.750000 53.875000  10.00
dover                65  64  1.333333 51.125000   7.75
whitby               42 145 -0.583333 54.500000  24.75
northshields         32 157 -1.416667 55.000000  15.00
channel-south         5  21 -3.666667 49.333332  76.00
channel-central      55  43  0.500000 50.250000  44.00
north-sea-south      83  89  2.833333 52.166668  32.00
german-bight        123 136  6.166667 54.125000  30.50
north-sea-central    60 167  0.916667 55.416668  66.25
north-sea-north      88 197  3.250000 56.666668  70.00
