optnosA
DATA/nos_coasts
## residual current
optnosA_1.resid2.nc N
HT
1
2006/04/17;00:00:00 2006/04/17;00:00:00 1 F
1
F
-4.0 48.5 9.0 57.0 2 1.0
0 1 2
8 8 0.05
N
## M2
optnosA_1.1amplt2.nc N
HT
1
2006/04/17;00:00:00 2006/04/17;00:00:00 1 F
1
F
-4.0 48.5 9.0 57.0 2 1.0
3 0 0
1 1
T 21 3
0.0 4.0
N
optnosA_1.1phase2.nc N
HT
1
2006/04/17;00:00:00 2006/04/17;00:00:00 1 F
1
F
-4.0 48.5 9.0 57.0 2 1.0
3 0 0
1 1
T 12 3
0.0 330.0
N
optnosA_1.1ellip2.nc N
HT
1
2006/04/17;00:00:00 2006/04/17;00:00:00 1 F
4
F
-4.0 48.5 9.0 57.0 2 1.0
1 0 0
1 1
T 13 3
0.0 2.4
F
-4.0 48.5 9.0 57.0 2 1.0
2 0 0
1 1
T 11 3
-0.5 0.5
F
-4.0 48.5 9.0 57.0 2 1.0
3 0 0
1 1
T 12 3
0.0 165.0
F
-4.0 48.5 9.0 57.0 2 1.0
4 0 0
1 1
T 12 3
0.0 165.0
N
## S2
optnosA_1.2amplt2.nc N
HT
1
2006/04/17;00:00:00 2006/04/17;00:00:00 1 F
1
F
-4.0 48.5 9.0 57.0 2 1.0
3 0 0
1 1
T 16 3
0.0 1.5
N
optnosA_1.2phase2.nc N
HT
1
2006/04/17;00:00:00 2006/04/17;00:00:00 1 F
1
F
-4.0 48.5 9.0 57.0 2 1.0
3 0 0
1 1
T 12 3
0.0 330.0
N
optnosA_1.2ellip2.nc N
HT
1
2006/04/17;00:00:00 2006/04/17;00:00:00 1 F
4
F
-4.0 48.5 9.0 57.0 2 1.0
1 0 0
1 1
T 11 3
0.0 1.0
F
-4.0 48.5 9.0 57.0 2 1.0
2 0 0
1 1
T 11 3
-0.5 0.5
F
-4.0 48.5 9.0 57.0 2 1.0
3 0 0
1 1
T 12 3
0.0 165.0
F
-4.0 48.5 9.0 57.0 2 1.0
4 0 0
1 1
T 12 3
0.0 165.0
N
## N2
optnosA_1.3amplt2.nc N
HT
1
2006/04/17;00:00:00 2006/04/17;00:00:00 1 F
1
F
-4.0 48.5 9.0 57.0 2 1.0
3 0 0
1 1
T 17 3
0.0 0.8
N
optnosA_1.3phase2.nc N
HT
1
2006/04/17;00:00:00 2006/04/17;00:00:00 1 F
1
F
-4.0 48.5 9.0 57.0 2 1.0
3 0 0
1 1
T 12 3
0.0 330.0
N
optnosA_1.3ellip2.nc N
HT
1
2006/04/17;00:00:00 2006/04/17;00:00:00 1 F
4
F
-4.0 48.5 9.0 57.0 2 1.0
1 0 0
1 1
T 11 3
0.0 0.5
F
-4.0 48.5 9.0 57.0 2 1.0
2 0 0
1 1
T 11 3
-0.5 0.5
F
-4.0 48.5 9.0 57.0 2 1.0
3 0 0
1 1
T 12 3
0.0 165.0
F
-4.0 48.5 9.0 57.0 2 1.0
4 0 0
1 1
T 12 3
0.0 165.0
N
## K2
optnosA_1.4amplt2.nc N
HT
1
2006/04/17;00:00:00 2006/04/17;00:00:00 1 F
1
F
-4.0 48.5 9.0 57.0 2 1.0
3 0 0
1 1
T 11 3
0.0 0.5
N
optnosA_1.4phase2.nc N
HT
1
2006/04/17;00:00:00 2006/04/17;00:00:00 1 F
1
F
-4.0 48.5 9.0 57.0 2 1.0
3 0 0
1 1
T 12 3
0.0 330.0
N
optnosA_1.4ellip2.nc N
HT
1
2006/04/17;00:00:00 2006/04/17;00:00:00 1 F
4
F
-4.0 48.5 9.0 57.0 2 1.0
1 0 0
1 1
T 11 3
0.0 0.5
F
-4.0 48.5 9.0 57.0 2 1.0
2 0 0
1 1
T 11 3
-0.5 0.5
F
-4.0 48.5 9.0 57.0 2 1.0
3 0 0
1 1
T 12 3
0.0 165.0
F
-4.0 48.5 9.0 57.0 2 1.0
4 0 0
1 1
T 12 3
0.0 165.0
N
## O1
optnosA_1.5amplt2.nc N
HT
1
2006/04/17;00:00:00 2006/04/17;00:00:00 1 F
1
F
-4.0 48.5 9.0 57.0 2 1.0
3 0 0
1 1
T 18 3
0.0 0.17
N
optnosA_1.5phase2.nc N
HT
1
2006/04/17;00:00:00 2006/04/17;00:00:00 1 F
1
F
-4.0 48.5 9.0 57.0 2 1.0
3 0 0
1 1
T 12 3
0.0 330.0
N
optnosA_1.5ellip2.nc N
HT
1
2006/04/17;00:00:00 2006/04/17;00:00:00 1 F
4
F
-4.0 48.5 9.0 57.0 2 1.0
1 0 0
1 1
T 16 3
0.0 0.15
F
-4.0 48.5 9.0 57.0 2 1.0
2 0 0
1 1
T 11 3
-0.5 0.5
F
-4.0 48.5 9.0 57.0 2 1.0
3 0 0
1 1
T 12 3
0.0 165.0
F
-4.0 48.5 9.0 57.0 2 1.0
4 0 0
1 1
T 12 3
0.0 165.0
N
## K1
optnosA_1.6amplt2.nc N
HT
1
2006/04/17;00:00:00 2006/04/17;00:00:00 1 F
1
F
-4.0 48.5 9.0 57.0 2 1.0
3 0 0
1 1
T 16 3
0.0 0.15
N
optnosA_1.6phase2.nc N
HT
1
2006/04/17;00:00:00 2006/04/17;00:00:00 1 F
1
F
-4.0 48.5 9.0 57.0 2 1.0
3 0 0
1 1
T 12 3
0.0 330.0
N
optnosA_1.6ellip2.nc N
HT
1
2006/04/17;00:00:00 2006/04/17;00:00:00 1 F
4
F
-4.0 48.5 9.0 57.0 2 1.0
1 0 0
1 1
T 16 3
0.0 0.15
F
-4.0 48.5 9.0 57.0 2 1.0
2 0 0
1 1
T 11 3
-0.5 0.5
F
-4.0 48.5 9.0 57.0 2 1.0
3 0 0
1 1
T 12 3
0.0 165.0
F
-4.0 48.5 9.0 57.0 2 1.0
4 0 0
1 1
T 12 3
0.0 165.0
N
## Q1
optnosA_1.7amplt2.nc N
HT
1
2006/04/17;00:00:00 2006/04/17;00:00:00 1 F
1
F
-4.0 48.5 9.0 57.0 2 1.0
3 0 0
1 1
T 11 3
0.0 0.05
N
optnosA_1.7phase2.nc N
HT
1
2006/04/17;00:00:00 2006/04/17;00:00:00 1 F
1
F
-4.0 48.5 9.0 57.0 2 1.0
3 0 0
1 1
T 12 3
0.0 330.0
N
optnosA_1.7ellip2.nc N
HT
1
2006/04/17;00:00:00 2006/04/17;00:00:00 1 F
4
F
-4.0 48.5 9.0 57.0 2 1.0
1 0 0
1 1
T 11 3
0.0 0.05
F
-4.0 48.5 9.0 57.0 2 1.0
2 0 0
1 1
T 11 3
-0.5 0.5
F
-4.0 48.5 9.0 57.0 2 1.0
3 0 0
1 1
T 12 3
0.0 165.0
F
-4.0 48.5 9.0 57.0 2 1.0
4 0 0
1 1
T 12 3
0.0 165.0
N
## P1
optnosA_1.8amplt2.nc N
HT
1
2006/04/17;00:00:00 2006/04/17;00:00:00 1 F
1
F
-4.0 48.5 9.0 57.0 2 1.0
3 0 0
1 1
T 11 3
0.0 0.05
N
optnosA_1.8phase2.nc N
HT
1
2006/04/17;00:00:00 2006/04/17;00:00:00 1 F
1
F
-4.0 48.5 9.0 57.0 2 1.0
3 0 0
1 1
T 12 3
0.0 330.0
N
optnosA_1.8ellip2.nc N
HT
1
2006/04/17;00:00:00 2006/04/17;00:00:00 1 F
4
F
-4.0 48.5 9.0 57.0 2 1.0
1 0 0
1 1
T 11 3
0.0 0.05
F
-4.0 48.5 9.0 57.0 2 1.0
2 0 0
1 1
T 11 3
-0.5 0.5
F
-4.0 48.5 9.0 57.0 2 1.0
3 0 0
1 1
T 12 3
0.0 165.0
F
-4.0 48.5 9.0 57.0 2 1.0
4 0 0
1 1
T 12 3
0.0 165.0
N
## station data
optnosA_2.tsout2.nc N
TS
1
2006/04/01;00:00:00,000 2006/05/01;00:00:00,000 2006/04/01;00:00:00,000 3 4 F
17 17
1
1
1 1
#
2
1
2 1
#
3
1
3 1
#
4
1
4 1
#
5
1
5 1
#
6
1
6 1
#
7
1
7 1
#
8
1
8 1
#
9
1
9 1
#
10
1
10 1
#
11
1
11 1
#
12
1
12 1
#
13
1
13 1
#
14
1
14 1
#
15
1
15 1
#
16
1
16 1
#
17
1
17 1
Q
