rhoneE
%
rhoneE_1.tsout3.nc N
HT
1
2003/01/05;00:00:00,000 2003/01/05;00:00:00,000 1 F
2
F
1 1 108 50 1 1.0
4 1 2
1 1
T 15 3
10.0 38.0
8 4 0.2
1 30 0.0
F
1 1 108 50 1 1.0
4 1 2
1 1
T 15 3
10.0 38.0
8 4 0.2
1 15 0.0
VT
1
2003/01/05;00:00:00,000 2003/01/05;00:00:00,000 1 F
5
F
19 1 19 50 1 0.001
4 1 2 3
1 1
T 15 3
10.0 38.0
2 1 0.2 5.0E-04
25 30 1
F
43 1 43 50 1 0.001
4 1 2 3
1 1
T 15 3
10.0 38.0
2 1 0.2 5.0E-04
25 30 1
F
59 1 59 38 1 0.001
4 1 2 3
1 1
T 15 3
10.0 38.0
2 1 0.2 5.0E-04
25 30 1
F
67 1 67 50 1 0.001
4 1 2 3
1 1
T 15 3
10.0 38.0
2 1 0.2 5.0E-04
25 30 1
F
31 27 71 27 1 0.001
4 1 2 3
1 1
T 15 3
10.0 38.0
2 1 0.2 5.0E-04
20 30 1
##
N
rhoneE_1.tsout2.nc N
HT
1
2003/01/05;00:00:00,000 2003/01/05;00:00:00,000 1 F
1
F
1 1 108 50 1 1.0
1 0 0
1 1
T 11 3
0.0 0.0
##
N
rhoneE_2.tsout0.nc N
TS
1
2003/01/01;00:00:00,000 2003/01/05;00:00:00,000 2003/01/01;00:00:00,000 1 4 F
7 7
1
1 1
2
2 1
3
3 1
4
4 1
5
5 1
6
6 1
7
7 1
Q
