tidalinletD
%
tidalinletD_1.tsout2.nc N
HT
1
2004/12/24;00:00:00,000 2004/12/25;00:00:00,000 1 F
3
#
T
1 1 70 75 1 0.001
2 7 8
1 1
T 11 2
-0.5 0.5
4 4 0.5
#
T
1 1 70 75 1 0.001
9 5 6
1 1
T 11 2
0.0 1.0
4 4 0.01
#
T
1 1 70 75 1 0.001
15 3 4
1 1
T 13 2
0.0 0.6
4 4 0.5
##
N
tidalinletD_1.tsout3.nc N
HT
1
2004/12/24;00:00:00,000 2004/12/25;00:00:00,000 1 F
2
#
T
1 1 70 75 1 0.001
0 6 7
4 4 0.5
1 10 0.0
#
T
1 1 70 75 1 0.001
0 1 2
4 4 0.5
1 1 0.0
##
VT
1
2004/12/24;00:00:00,000 2004/12/25;00:00:00,000 1 F
3
#
T
35 1 35 75 1 0.001
0 6 7 3
4 2 0.5 0.0001
0.0 0.0 2
#
T
35 1 35 75 1 0.001
0 4 5 3
4 2 0.1 0.0001
0.0 0.0 2
#
T
35 1 35 75 1 0.001
0 1 2 3
4 2 0.5 0.0001
0.0 0.0 2
Q
