drythinA
%
drythinA_1.tsout2.nc N
HT
1
2003/01/01;00:00:00:000 2003/01/03;00:00:00:000 1 T
2
T
1 1 100 50 1 0.001
1 1 2
1 1
T 11 2
-2.0 2.0
4 2 1.0
#
T
1 1 100 50 1 0.001
4 0 0
1 1
T 21 2
-0.02 0.02
N
drythinA_1.tsout3.nc N
HT
1
2003/01/01;00:00:00 2003/01/03;00:00:00 1 F
2
T
1 1 100 50 1 0.001
4 1 2
1 1
T 11 2
0.0 2.0
4 2 1.0
1 10 0.0
#
T
1 1 100 50 1 0.001
4 1 2
1 1
T 11 2
0.0 2.0
4 2 1.0
1 1 0.0
VT
1
2003/01/01;00:00:00 2003/01/03;00:00:00 1 F
1
T
1 25 100 25 1 0.001
4 1 2 3
1 1
T 11 2
0.0 2.0
4 1 1.0 0.001
0.0 0.0 2 
Q
