morphsortJ
%
morphsortJ_1.tsout2.nc N
HP
F
3 3 
2009/04/04;00:00:00:000
2 1 21 1 1 0.001
4
1 1
#
2009/04/04;00:00:00:000
2 1 21 1 1 0.001
6
2 1
#
2009/04/04;00:00:00:000
2 1 21 1 1 0.001
7
3 1
##
TS
1
2009/04/01;00:00:00:000 2009/04/04;00:00:00:000 2009/04/01;00:00:00:000 1 3 F
6 6
2 1 1
4
1 1
#
2 1 1
6
2 1
#
2 1 1
7
3 1
#
10 1 1
4
4 1
#
10 1 1
6
5 1 
#
10 1 1
7
6 1
N
morphsortJ_2.tsout3.nc N
HP
F
2 2
2009/04/04;00:00:00:000
2 1 21 1 1 0.001
1
1 1 0.0
1 1
#
2009/04/04;00:00:00:000
2 1 21 1 1 0.001
2
1 1 0.0
2 1
##
TS
1
2009/04/01;00:00:00:000 2009/04/04;00:00:00:000 2009/04/01;00:00:00:000 1 3 F
4 4
2 1 1
1
1 1 0.0
1 1
#
2 1 1
2
1 1 0.0
2 1
#
10 1 1
1
1 1 0.0
3 1
#
10 1 1
2
1 1 0.0
4 1
Q
