plumeE
%
plumeE_1.tsout3.nc N
HT
1
2003/01/04;00:00:00,000 2003/01/04;12:00:00,000 1 F
1
T
1 1 80 20 1 0.001
4 1 2
1 1
T 13 1
10.0 34.0
6 4 0.5
1 1 0.0
N
plumeE_4.tsout0.nc N
TS
1
2003/01/03;00:00:00,000 2003/01/06;00:00:00,000 2003/01/03;00:00:00,000 1 4 F
2 2
1
1 1
2
2 1
N
plumeE_1.resid3.nc N
HT
1
2003/01/05;18:00:00,000 2003/01/05;18:00:00,000 1 F
1
F
1 1 100 30 1 0.001
4 1 2
1 1
T 13 1
10.0 34.0
4 4 0.2
1 20 0.0
VT
1
2003/01/05;18:00:00,000 2003/01/05;18:00:00,000 1 F
2
#
F
30 1 30 30 1 0.001
4 1 2 3
1 1
T 13 1
10.0 34.0
3 2 0.1 0.0001
0.0 0.0 2
#
F
1 4 120 4 1 0.001
4 1 2 3
1 1
T 13 1
10.0 34.0
12 2 0.1 0.0001
0.0 0.0 2
N
plumeE_1.1ellip3.nc N
HT
1
2003/01/05;18:00:00,000 2003/01/05;18:00:00,000 1 F
2
#
F
1 1 120 30 1 0.001
1 0 0
1 1
T 21 1
-1.0 1.0
1 20 0.0
#
F
1 1 120 30 1 0.001
1 0 0
1 1
T 21 1
-1.0 1.0
1 1 0.0
N
plumeE_1.1ellip2.nc N
HT
1
2003/01/05;18:00:00,000 2003/01/05;18:00:00,000 1 F
1
F
1 1 120 40 1 0.001
1 0 0
1 1
T 11 1
0.0 0.0
N
plumeE_1.1amplt2.nc N
HT
1
2003/01/05;18:00:00,000 2003/01/05;18:00:00,000 1 F
1
F
1 1 120 40 1 0.001
3 0 0
1 1
T 21 1
0.0 1.0
Q
