obcestC
%
obcestC_1.tsout2.nc N
HT
1
2003/01/01;00:00:00 2003/01/03;00:00:00 1 F
1
T
1 1 100 10 1 0.001
1 2 3
1 1
T 11 3
-1.0 1.0
4 1 0.5
N
obcestC_1.tsout3.nc N
HT
1
2003/01/01;00:00:00 2003/01/03;00:00:00 1 F
1
T
1 1 100 10 1 0.001
4 1 2
1 1
T 21 3
15.0 35.0
4 1 0.5
1 20 0.0
VT
1
2003/01/01;00:00:00 2003/01/03;00:00:00 1 F
2
T
1 5 100 5 1 0.001
4 1 2 3
1 1
T 21 3
15.0 35.0
4 1 0.5 0.1
0.0 0.0 2
T
25 1 25 10 1 0.001
4 1 2 3
1 1
T 21 3
15.0 35.0
1 1 0.1 0.01
0.0 0.0 2
N
obcestC_1.resid3.nc N
HT
1
2003/01/02;12:00:00 2003/01/02;12:00:00 1 F
2
F
1 1 100 10 1 0.001
4 1 2
1 1
T 21 3
15.0 35.0
4 1 0.25
1 20 0.0
F
1 1 100 10 1 0.001
4 1 2
1 1
T 21 3
15.0 35.0
4 1 0.1
1 1 0.0
VT
1
2003/01/02;12:00:00 2003/01/02;12:00:00 1 F
1
F
1 5 100 5 1 0.001
4 1 2 3
1 1
T 21 3
15.0 35.0
4 1 0.1 0.01
0.0 0.0 2
N
obcestC_2.tsout0.nc N
TS
1
2003/01/01;00:00:00 2003/01/03;00:00:00 2003/01/01;00:00:00 1 3 F
7 7
1
1 1
3
2 1
8
3 1
9
4 1
13
5 1
14
6 1
15
7 1
Q
