weirbarE
%
weirbarE_1.tsout2.nc N
HT
1
2003/01/01;00:00:00:000 2003/01/03;00:00:00:000 1 T
1
T
50 1 150 20 1 0.001
1 2 3
1 1
T 11 2
-2.0 2.0
2 2 0.5
##
N
weirbarE_1.tsout3.nc N
HT
1
2003/01/01;00:00:00:000 2003/01/03;00:00:00:000 1 T
2
T
50 1 150 20 1 0.001
4 1 2
1 1
T 11 2
0.0 1.0
2 2 0.5
1 100 0.0
#
T
50 1 150 20 1 0.001
4 1 2
1 1
T 11 2
0.0 0.2
2 2 0.1
1 1 0.0
#
VT
1
2003/01/01;00:00:00:000 2003/01/03;00:00:00:000 1 T
2
T
50 3 150 3 1 0.001
4 1 2 3
1 1
T 11 2
0.0 1.0
4 5 0.5 0.01
0.0 0.0 2
#
T
50 7 150 7 1 0.001
4 1 2 3
1 1 
T 11 2
0.0 1.0
4 5 0.5 0.01
0.0 0.0 2
##
N
weirbarE_2.tsout0.nc N
TS
1
2003/01/01;00:00:00 2003/01/03;00:00:00 2003/01/01;00:00:00 1 3 F
14 14
1
1 1
2
2 1
3
3 1
4
4 1
5
5 1
6
6 1
7
7 1
8
8 1
9
9 1
10
10 1
11
11 1
12
12 1
13
13 1
14
14 1
Q
