morphtidavF
%
morphtidavF_1.tsout2.nc N
HP
F
12 12
2009/04/01;12:00:00:000
1 1 60 1 1 0.001
6
1 1
2009/04/02;12:00:00:000
1 1 60 1 1 0.001
6
2 1
2009/04/03;12:00:00:000
1 1 60 1 1 0.001
6
3 1
2009/04/04;12:00:00:000
1 1 60 1 1 0.001
6
4 1
#
2009/04/01;12:00:00:000
1 1 60 1 1 0.001
5
5 1
2009/04/02;12:00:00:000
1 1 60 1 1 0.001
5
6 1
2009/04/03;12:00:00:000
1 1 60 1 1 0.001
5
7 1
2009/04/04;12:00:00:000
1 1 60 1 1 0.001
5
8 1
#
2009/04/01;12:00:00:000
1 1 60 1 1 0.001
7
9 1
2009/04/02;12:00:00:000
1 1 60 1 1 0.001
7
10 1
2009/04/03;12:00:00:000
1 1 60 1 1 0.001
7
11 1
2009/04/04;12:00:00:000
1 1 60 1 1 0.001
7
12 1
##
TS
1
2009/04/01;00:00:00:000 2009/04/05;00:00:00:000 2009/04/01;00:00:00:000 1 3 F
12 12
10 1 1
2
1 1
30 1 1
2
2 1
50 1 1
2
3 1
#
10 1 1
4
4 1
30 1 1
4
5 1
50 1 1
4
6 1 
#
10 1 1
5
7 1
30 1 1
5
8 1
50 1 1
5
9 1
#
10 1 1
7
10 1
30 1 1
7
11 1
50 1 1
7
12 1
Q
