wcinletC
%
wcinletC_1.tsout2.nc N
HT
1
2004/12/24;00:00:00,000 2004/12/25;00:00:00,000 2 F
6
#
T
1 1 70 75 1 0.001
1 10 11
1 1
T 11 2
-0.5 0.5
4 4 0.5
#
T
1 1 70 75 1 0.001
4 0 0
1 1
T 11 2
0.0 20.0
#
T
1 1 70 75 1 0.001
5 0 0
1 1
T 11 2
0.0 20.0
#
T
1 1 70 75 1 0.001
6 0 0
1 1
T 11 2
0.0 20.0
#
T
1 1 70 75 1 0.001
13 0 0
1 1
T 11 2
0.0 1.0
#
T
1 1 70 75 1 0.001
16 0 0
1 1
T 11 2
0.0 0.05
##
N
wcinletC_1.tsout3.nc N
HT
1
2004/12/24;00:00:00,000 2004/12/25;00:00:00,000 2 F
4
#
T
1 1 70 75 1 0.001
0 6 7
4 4 0.5
1 10 0.0
#
T
1 1 70 75 1 0.001
0 6 7
4 4 0.5
1 1 0.0
#
T
1 1 70 75 1 0.001
0 4 5
4 4 0.1
1 10 0.0
#
T
1 1 70 75 1 0.001
0 4 5
4 4 0.05
1 1 0.0
##
VT
1
2004/12/24;00:00:00,000 2004/12/25;00:00:00,000 2 F
2
#
T
35 1 35 75 1 0.001
0 6 7 3
4 2 0.5 0.0001
0.0 0.0 2
#
T
35 1 35 75 1 0.001
0 4 5 3
4 2 0.05 0.0001
0.0 0.0 2
Q
